problem EUROPA
NumFondos 20
NumBits 10
varianza
0.00671900
0.01193778
0.00170523
0.00161020
0.00243122
0.00152303
0.00222107
0.00089910
0.00205940
0.00138877
0.00179756
0.00269953
0.15645018
0.00148398
0.00277334
0.00032588
0.00010042
0.00509110
0.00187508
0.00055756
0.01193778
0.03438852
0.00402569
0.00375060
0.00487773
0.00279331
0.00396034
0.00252791
0.00456920
0.00243291
0.00394464
0.00417782
0.07351757
0.00249434
0.00599329
0.00165330
0.00068601
0.00321268
0.00055020
0.00229779
0.00170523
0.00402569
0.00344421
0.00185332
0.00137202
0.00081226
0.00155357
0.00068450
0.00200742
0.00036575
0.00319546
0.00262945
0.08578666
0.00072204
0.00167758
0.00078740
0.00052994
0.00212769
0.00134273
-0.00041304
0.00161020
0.00375060
0.00185332
0.00233944
0.00134030
0.00084219
0.00158035
0.00090504
0.00195283
0.00070076
0.00183255
0.00188586
0.21802496
0.00093303
0.00148772
0.00096487
0.00045779
-0.00086906
-0.00026214
-0.00009074
0.00243122
0.00487773
0.00137202
0.00134030
0.00402130
0.00142189
0.00082144
0.00126952
0.00187880
0.00108494
0.00146475
0.00273094
0.03411861
0.00175892
0.00231336
0.00127202
0.00052012
-0.00094377
-0.00055752
-0.00082897
0.00152303
0.00279331
0.00081226
0.00084219
0.00142189
0.00169868
0.00069418
0.00064257
0.00145441
0.00143436
0.00093073
0.00190784
0.07467869
0.00089044
0.00173960
0.00026241
-0.00007822
-0.00058940
0.00013086
0.00047744
0.00222107
0.00396034
0.00155357
0.00158035
0.00082144
0.00069418
0.00419734
0.00066489
0.00209952
0.00079859
0.00157438
0.00212796
0.36237435
0.00079631
0.00089408
-0.00003545
0.00008507
0.00222588
0.00126434
0.00088307
0.00089910
0.00252791
0.00068450
0.00090504
0.00126952
0.00064257
0.00066489
0.00258951
0.00155320
0.00024807
0.00060566
0.00113884
0.17702356
0.00051081
0.00155018
0.00103871
0.00028238
-0.00075782
-0.00008934
0.00046027
0.00205940
0.00456920
0.00200742
0.00195283
0.00187880
0.00145441
0.00209952
0.00155320
0.00434970
0.00106849
0.00221538
0.00357505
0.09815496
0.00112015
0.00182458
0.00132136
0.00053481
0.00321589
0.00466607
0.00097968
0.00138877
0.00243291
0.00036575
0.00070076
0.00108494
0.00143436
0.00079859
0.00024807
0.00106849
0.00238159
0.00049909
0.00192758
0.04082061
0.00086259
0.00178641
-0.00023275
0.00019920
0.00204076
0.00366155
0.00059334
0.00179756
0.00394464
0.00319546
0.00183255
0.00146475
0.00093073
0.00157438
0.00060566
0.00221538
0.00049909
0.00332735
0.00286384
0.02511575
0.00080063
0.00159104
0.00063776
0.00049370
0.00191125
0.00157038
0.00008189
0.00269953
0.00417782
0.00262945
0.00188586
0.00273094
0.00190784
0.00212796
0.00113884
0.00357505
0.00192758
0.00286384
0.01530497
0.07498554
0.00157219
0.00301463
0.00258521
0.00040085
0.00617332
0.00735944
0.00119735
0.15645018
0.07351757
0.08578666
0.21802496
0.03411861
0.07467869
0.36237435
0.17702356
0.09815496
0.04082061
0.02511575
0.07498554
199.259784
0.09456424
0.19126646
0.08175098
0.04623586
-0.28855740
-0.49243087
0.15066406
0.00148398
0.00249434
0.00072204
0.00093303
0.00175892
0.00089044
0.00079631
0.00051081
0.00112015
0.00086259
0.00080063
0.00157219
0.09456424
0.00180187
0.00134149
0.00029159
0.00029595
-0.00014343
0.00089796
-0.00025027
0.00277334
0.00599329
0.00167758
0.00148772
0.00231336
0.00173960
0.00089408
0.00155018
0.00182458
0.00178641
0.00159104
0.00301463
0.19126646
0.00134149
0.00597642
0.00156631
0.00065707
0.00352308
0.00204014
0.00258500
0.00032588
0.00165330
0.00078740
0.00096487
0.00127202
0.00026241
-0.00003545
0.00103871
0.00132136
-0.00023275
0.00063776
0.00258521
0.08175098
0.00029159
0.00156631
0.00519567
0.00108179
-0.00025463
-0.00115033
-0.00128547
0.00010042
0.00068601
0.00052994
0.00045779
0.00052012
-0.00007822
0.00008507
0.00028238
0.00053481
0.00019920
0.00049370
0.00040085
0.04623586
0.00029595
0.00065707
0.00108179
0.00309029
0.00013765
0.00053859
-0.00100818
0.00509110
0.00321268
0.00212769
-0.00086906
-0.00094377
-0.00058940
0.00222588
-0.00075782
0.00321589
0.00204076
0.00191125
0.00617332
-0.28855740
-0.00014343
0.00352308
-0.00025463
0.00013765
0.09843797
0.07299249
0.00153318
0.00187508
0.00055020
0.00134273
-0.00026214
-0.00055752
0.00013086
0.00126434
-0.00008934
0.00466607
0.00366155
0.00157038
0.00735944
-0.49243087
0.00089796
0.00204014
-0.00115033
0.00053859
0.07299249
0.10073622
0.00243101
0.00055756
0.00229779
-0.00041304
-0.00009074
-0.00082897
0.00047744
0.00088307
0.00046027
0.00097968
0.00059334
0.00008189
0.00119735
0.15066406
-0.00025027
0.00258500
-0.00128547
-0.00100818
0.00153318
0.00243101
0.01128805
beneficio
-0.00429493
-0.02689857
0.00827647
0.00794438
0.011147021
0.014101804
0.010228074
0.005079423
-0.001401204
0.013321116
0.00750252
-0.003115673
-1.782468658
0.013590999
-0.001949743
0.000381456
0.008730646
-0.033799508
-0.031747288
-0.007452069
Rf
0.0000
Rfmax
0
Rfmin
0
Cardinalidad
16
maxfondo
1.00
minfondo
0