1 0.011355 0.000844 0.000271 0.000000 0.002465 0.003190 0.000460 0.338532 0.063622 0.077669 0.000209 0.029805 0.000887 0.000068 0.000000 0.247914 0.000167 0.006931 0.210670 0.000000 0.000000 0.017139 
5 0.012837 0.000996 0.000307 0.000000 0.002058 0.000196 0.000786 0.480110 0.039646 0.000946 0.000529 0.024197 0.001619 0.000298 0.000000 0.287126 0.000044 0.000958 0.160422 0.000000 0.000000 0.000758 
6 0.011629 0.000863 0.000092 0.000000 0.002880 0.003508 0.000200 0.363825 0.068476 0.030320 0.000171 0.041916 0.001598 0.000040 0.000000 0.242101 0.000067 0.007478 0.216030 0.000000 0.000000 0.021298 
8 0.009823 0.000778 0.001126 0.000000 0.021110 0.006742 0.004183 0.239269 0.069244 0.087408 0.000878 0.039070 0.004694 0.000000 0.000000 0.211760 0.000871 0.033011 0.227902 0.000505 0.000000 0.052228 
9 0.010506 0.000797 0.000563 0.000000 0.001755 0.001997 0.001046 0.283799 0.067274 0.066836 0.000324 0.053697 0.002176 0.000120 0.000000 0.231136 0.000369 0.041470 0.209693 0.000000 0.000000 0.037744 
10 0.011388 0.000847 0.000266 0.000000 0.002186 0.003361 0.000448 0.341951 0.068194 0.068630 0.000232 0.026732 0.001367 0.000067 0.000000 0.252406 0.000086 0.011005 0.205984 0.000000 0.000000 0.017087 
12 0.012218 0.000913 0.000357 0.000000 0.002708 0.001492 0.000791 0.415827 0.047033 0.021798 0.000002 0.033054 0.000149 0.000215 0.000000 0.253143 0.000200 0.001283 0.215875 0.000000 0.000000 0.006073 
13 0.012740 0.000977 0.000272 0.000000 0.000537 0.000320 0.000866 0.458464 0.040472 0.000631 0.000412 0.021928 0.000660 0.000221 0.000000 0.292052 0.000967 0.000418 0.181263 0.000000 0.000000 0.000518 
17 0.011629 0.000863 0.000092 0.000000 0.002880 0.003508 0.000200 0.363825 0.068476 0.030320 0.000171 0.041916 0.001598 0.000040 0.000000 0.242101 0.000067 0.007478 0.216030 0.000000 0.000000 0.021298 
20 0.010506 0.000797 0.000563 0.000000 0.001755 0.001997 0.001046 0.283799 0.067274 0.066836 0.000324 0.053697 0.002176 0.000120 0.000000 0.231136 0.000369 0.041470 0.209693 0.000000 0.000000 0.037744 
22 0.013406 0.001160 0.000203 0.000000 0.001500 0.000094 0.000797 0.525706 0.011547 0.002730 0.000191 0.014716 0.001601 0.000424 0.000000 0.374942 0.000472 0.002694 0.061930 0.000000 0.000000 0.000455 
23 0.013712 0.001329 0.000399 0.000000 0.001667 0.001172 0.002122 0.685906 0.021434 0.005156 0.000088 0.017746 0.001438 0.001044 0.000000 0.254025 0.000790 0.000185 0.006487 0.000000 0.000000 0.000339 
24 0.011444 0.000850 0.000333 0.000000 0.002910 0.002880 0.000245 0.333561 0.067962 0.051552 0.000189 0.036071 0.001953 0.000030 0.000000 0.259406 0.000099 0.010296 0.212810 0.000000 0.000000 0.019703 
27 0.012454 0.000939 0.000976 0.000000 0.002745 0.000122 0.001014 0.414442 0.050410 0.017175 0.000216 0.033658 0.000196 0.000070 0.000000 0.279885 0.000551 0.000493 0.197722 0.000000 0.000000 0.000324 
28 0.010230 0.000789 0.000387 0.000000 0.003504 0.000929 0.002292 0.251546 0.048926 0.077629 0.000168 0.063049 0.007338 0.000951 0.000000 0.235717 0.000702 0.030696 0.227413 0.000000 0.000000 0.048754 
29 0.012670 0.000966 0.000175 0.000000 0.000379 0.000670 0.001261 0.448840 0.040277 0.000481 0.000380 0.020651 0.000416 0.000018 0.000000 0.289298 0.001395 0.000144 0.194989 0.000000 0.000000 0.000627 
31 0.012762 0.000981 0.000118 0.000000 0.000393 0.000492 0.001395 0.457695 0.040762 0.001787 0.000334 0.018741 0.000923 0.000100 0.000000 0.301289 0.000741 0.001153 0.173459 0.000000 0.000000 0.000620 
33 0.013147 0.001070 0.000272 0.000000 0.000918 0.000503 0.000720 0.512800 0.013110 0.002130 0.000381 0.015967 0.000178 0.000213 0.000000 0.332941 0.000669 0.001521 0.116941 0.000000 0.000000 0.000736 
36 0.013568 0.001230 0.000266 0.000000 0.002166 0.000309 0.002585 0.544708 0.015311 0.004703 0.000162 0.007074 0.000532 0.000302 0.000000 0.392941 0.000153 0.000536 0.026649 0.000000 0.000000 0.001602 
37 0.012218 0.000913 0.000357 0.000000 0.002708 0.001492 0.000791 0.415827 0.047033 0.021798 0.000002 0.033054 0.000149 0.000215 0.000000 0.253143 0.000200 0.001283 0.215875 0.000000 0.000000 0.006073 
38 0.009406 0.000770 0.001283 0.000000 0.018700 0.007960 0.004452 0.181296 0.060028 0.123601 0.000939 0.059028 0.000459 0.000000 0.000000 0.226671 0.001018 0.038826 0.218132 0.000430 0.000000 0.057178 
39 0.013147 0.001070 0.000272 0.000000 0.000918 0.000503 0.000720 0.512800 0.013110 0.002130 0.000381 0.015967 0.000178 0.000213 0.000000 0.332941 0.000669 0.001521 0.116941 0.000000 0.000000 0.000736 
41 0.010454 0.000796 0.000471 0.000000 0.002361 0.001505 0.000802 0.286839 0.059550 0.074911 0.000310 0.059678 0.004422 0.000733 0.000000 0.220604 0.000622 0.040040 0.209190 0.000000 0.000000 0.037963 
42 0.011890 0.000884 0.000599 0.000000 0.003781 0.002351 0.001070 0.381939 0.061093 0.037416 0.000039 0.027511 0.000861 0.000207 0.000000 0.256900 0.000386 0.004583 0.210944 0.000000 0.000000 0.010319 
49 0.011778 0.000875 0.000499 0.000000 0.000811 0.001562 0.000859 0.373843 0.060311 0.032878 0.000156 0.040012 0.000057 0.000249 0.000000 0.239924 0.000255 0.000383 0.231909 0.000000 0.000000 0.016291 
51 0.013517 0.001201 0.000241 0.000000 0.001575 0.000351 0.001188 0.610443 0.016813 0.001664 0.000079 0.011055 0.000186 0.000382 0.000000 0.302709 0.000085 0.000254 0.051481 0.000000 0.000000 0.001494 
52 0.012953 0.001021 0.000514 0.000000 0.000797 0.000206 0.000164 0.479273 0.029424 0.002011 0.000637 0.020751 0.000757 0.000373 0.000000 0.320479 0.000123 0.001127 0.142618 0.000000 0.000000 0.000748 
55 0.011625 0.000862 0.000301 0.000000 0.002077 0.001673 0.000755 0.355654 0.060420 0.037099 0.000138 0.037233 0.000002 0.000273 0.000000 0.246275 0.000073 0.003919 0.235800 0.000000 0.000000 0.018309 
57 0.012629 0.000960 0.000361 0.000000 0.000714 0.000140 0.000746 0.438187 0.042880 0.000605 0.000392 0.021479 0.001210 0.000070 0.000000 0.293351 0.000978 0.001487 0.196844 0.000000 0.000000 0.000557 
58 0.013015 0.001037 0.000426 0.000000 0.001737 0.000509 0.001622 0.485641 0.019070 0.002099 0.000116 0.015966 0.000789 0.000303 0.000000 0.334456 0.000080 0.000426 0.134865 0.000000 0.000000 0.001896 
62 0.013335 0.001136 0.000370 0.000000 0.002030 0.000869 0.002637 0.538088 0.012758 0.001273 0.000106 0.014728 0.000614 0.000470 0.000000 0.346515 0.000019 0.000298 0.076638 0.000000 0.000000 0.002586 
63 0.012435 0.000937 0.000124 0.000000 0.004367 0.001061 0.000185 0.439829 0.054355 0.011585 0.000154 0.022979 0.001614 0.000020 0.000000 0.262212 0.000656 0.003279 0.195409 0.000000 0.000000 0.002171 
64 0.013132 0.001065 0.000413 0.000000 0.002281 0.000212 0.000299 0.484967 0.026843 0.001128 0.000359 0.022610 0.000423 0.000473 0.000000 0.346971 0.000289 0.000881 0.111635 0.000000 0.000000 0.000218 
66 0.012541 0.000947 0.000293 0.000000 0.001200 0.000650 0.000578 0.428228 0.047611 0.002510 0.000390 0.021414 0.000999 0.000087 0.000000 0.284281 0.000683 0.000634 0.209854 0.000000 0.000000 0.000587 
67 0.012801 0.000989 0.000343 0.000000 0.000729 0.000125 0.000071 0.460200 0.037914 0.000465 0.000380 0.021997 0.001268 0.000206 0.000000 0.306401 0.000898 0.001290 0.166890 0.000000 0.000000 0.000825 
69 0.012014 0.000894 0.000621 0.000000 0.003686 0.002375 0.000820 0.374277 0.065430 0.036950 0.000108 0.025234 0.000313 0.000064 0.000000 0.265518 0.000362 0.003410 0.217627 0.000000 0.000000 0.003207 
71 0.012223 0.000913 0.000651 0.000000 0.003327 0.001724 0.000895 0.407583 0.058546 0.019063 0.000066 0.025410 0.000590 0.000056 0.000000 0.260023 0.000343 0.004275 0.214703 0.000000 0.000000 0.002745 
74 0.012331 0.000924 0.000168 0.000000 0.001462 0.000139 0.001251 0.439590 0.049085 0.015264 0.000317 0.006803 0.002587 0.000049 0.000000 0.257702 0.000224 0.000890 0.221625 0.000000 0.000000 0.002842 
76 0.013696 0.001301 0.000147 0.000000 0.003205 0.000985 0.001447 0.453467 0.003034 0.000607 0.000193 0.022879 0.002492 0.000724 0.000000 0.506995 0.001166 0.000084 0.001707 0.000000 0.000000 0.000867 
78 0.013591 0.001243 0.000326 0.000000 0.001342 0.000211 0.000611 0.646927 0.019774 0.003168 0.000163 0.005042 0.000656 0.000234 0.000000 0.283389 0.000450 0.000310 0.036341 0.000000 0.000000 0.001056 
84 0.013126 0.001066 0.000214 0.000000 0.000993 0.000322 0.000881 0.542917 0.012805 0.003141 0.000146 0.010241 0.001005 0.000213 0.000000 0.300867 0.000400 0.001586 0.123440 0.000000 0.000000 0.000829 
85 0.012795 0.000987 0.000231 0.000000 0.001064 0.000298 0.000637 0.470349 0.042682 0.000685 0.000418 0.020877 0.001440 0.000056 0.000000 0.291221 0.000910 0.001048 0.167601 0.000000 0.000000 0.000481 
86 0.012826 0.000993 0.000407 0.000000 0.001581 0.000173 0.000499 0.473643 0.038932 0.000732 0.000502 0.023555 0.001433 0.000427 0.000000 0.292720 0.000102 0.001030 0.163750 0.000000 0.000000 0.000514 
87 0.012414 0.000933 0.000191 0.000000 0.001439 0.000517 0.001359 0.454237 0.049645 0.007026 0.000276 0.008188 0.002814 0.000030 0.000000 0.251939 0.000216 0.001061 0.218039 0.000000 0.000000 0.003021 
88 0.011072 0.000826 0.000218 0.000000 0.001057 0.000700 0.000227 0.336134 0.056437 0.056978 0.000188 0.048626 0.001624 0.000467 0.000000 0.229469 0.000427 0.023686 0.215099 0.000000 0.000000 0.028660 
90 0.011133 0.000829 0.000210 0.000000 0.002907 0.001027 0.000357 0.325463 0.058711 0.056967 0.000237 0.046118 0.001309 0.000391 0.000000 0.240595 0.000244 0.022526 0.218025 0.000000 0.000000 0.024912 
91 0.011838 0.000879 0.000432 0.000000 0.000677 0.000937 0.000891 0.368308 0.062627 0.030606 0.000096 0.030335 0.000346 0.000258 0.000000 0.254344 0.000077 0.001775 0.235698 0.000000 0.000000 0.012593 
92 0.013415 0.001161 0.000077 0.000000 0.001154 0.000911 0.000888 0.520248 0.002411 0.000681 0.000072 0.015172 0.001691 0.000207 0.000000 0.386810 0.000324 0.001741 0.065302 0.000000 0.000000 0.002311 
95 0.009823 0.000778 0.001126 0.000000 0.021110 0.006742 0.004183 0.239269 0.069244 0.087408 0.000878 0.039070 0.004694 0.000000 0.000000 0.211760 0.000871 0.033011 0.227902 0.000505 0.000000 0.052228 
97 0.013712 0.001329 0.000399 0.000000 0.001667 0.001172 0.002122 0.685906 0.021434 0.005156 0.000088 0.017746 0.001438 0.001044 0.000000 0.254025 0.000790 0.000185 0.006487 0.000000 0.000000 0.000339 
98 0.013465 0.001185 0.000138 0.000000 0.001154 0.001140 0.001324 0.531460 0.002332 0.000492 0.000077 0.013728 0.002603 0.000231 0.000000 0.387491 0.000367 0.002095 0.052885 0.000000 0.000000 0.002483 
100 0.010960 0.000820 0.000236 0.000000 0.003177 0.002053 0.000340 0.321527 0.047537 0.071117 0.000229 0.056773 0.001294 0.000336 0.000000 0.228768 0.000130 0.016052 0.217522 0.000000 0.000000 0.032909 
103 0.012766 0.000982 0.000224 0.000000 0.001026 0.000234 0.000621 0.470213 0.041990 0.000668 0.000419 0.013971 0.001339 0.000263 0.000000 0.292467 0.000905 0.000918 0.174233 0.000000 0.000000 0.000507 
104 0.012163 0.000908 0.000643 0.000000 0.003555 0.001454 0.000466 0.399442 0.055176 0.033010 0.000092 0.025817 0.000446 0.000078 0.000000 0.268598 0.000325 0.001484 0.205035 0.000000 0.000000 0.004377 
105 0.013568 0.001226 0.000208 0.000000 0.001226 0.000298 0.001376 0.539417 0.012232 0.003713 0.000081 0.008452 0.000400 0.000408 0.000000 0.399597 0.000306 0.000663 0.029719 0.000000 0.000000 0.001904 
108 0.011677 0.000867 0.000345 0.000000 0.002248 0.001701 0.000142 0.375618 0.069720 0.044379 0.000142 0.033956 0.002633 0.000031 0.000000 0.234321 0.000397 0.006832 0.212995 0.000000 0.000000 0.014539 
113 0.009098 0.000766 0.001555 0.000000 0.016172 0.007405 0.006099 0.214001 0.054414 0.119595 0.001267 0.043469 0.002162 0.000000 0.000000 0.206799 0.000713 0.037531 0.210934 0.000606 0.000000 0.077281 
114 0.011778 0.000875 0.000499 0.000000 0.000811 0.001562 0.000859 0.373843 0.060311 0.032878 0.000156 0.040012 0.000057 0.000249 0.000000 0.239924 0.000255 0.000383 0.231909 0.000000 0.000000 0.016291 
115 0.013693 0.001294 0.000167 0.000000 0.002498 0.000983 0.002186 0.481920 0.006771 0.000561 0.000225 0.022308 0.003031 0.000586 0.000000 0.474584 0.001244 0.000441 0.001590 0.000000 0.000000 0.000907 
116 0.013052 0.001046 0.000318 0.000000 0.001942 0.000145 0.000367 0.498314 0.031038 0.001638 0.000512 0.017952 0.001832 0.000381 0.000000 0.321088 0.000061 0.000824 0.122663 0.000000 0.000000 0.000924 
118 0.012138 0.000905 0.000636 0.000000 0.003380 0.001371 0.000782 0.392414 0.058141 0.027363 0.000103 0.024328 0.000330 0.000075 0.000000 0.265825 0.000353 0.004159 0.218175 0.000000 0.000000 0.002564 
120 0.013238 0.001100 0.000145 0.000000 0.001287 0.000075 0.000687 0.504827 0.010735 0.002589 0.000093 0.020251 0.002775 0.000437 0.000000 0.357568 0.000446 0.002420 0.095279 0.000000 0.000000 0.000388 
121 0.013614 0.001256 0.000384 0.000000 0.001820 0.000264 0.001390 0.536169 0.024159 0.005548 0.000546 0.003239 0.000359 0.000860 0.000000 0.411790 0.000605 0.000233 0.012520 0.000000 0.000000 0.000112 
122 0.010946 0.000819 0.000456 0.000000 0.002074 0.000938 0.000439 0.318720 0.050099 0.066239 0.000206 0.049207 0.001948 0.000513 0.000000 0.233029 0.000258 0.021151 0.224359 0.000000 0.000000 0.030365 
124 0.011586 0.000860 0.000078 0.000000 0.002622 0.003556 0.000384 0.354226 0.068784 0.033440 0.000177 0.028240 0.002390 0.000068 0.000000 0.260865 0.000141 0.011064 0.214072 0.000000 0.000000 0.019893 
125 0.011278 0.000840 0.000540 0.000000 0.002621 0.000757 0.000623 0.336956 0.056140 0.064255 0.000056 0.051507 0.003598 0.000465 0.000000 0.225310 0.000255 0.005409 0.228152 0.000000 0.000000 0.023355 
126 0.009712 0.000775 0.001303 0.000000 0.013704 0.009750 0.003861 0.258997 0.058091 0.112310 0.001201 0.042432 0.001971 0.000000 0.000000 0.199319 0.000493 0.032985 0.206733 0.000496 0.000000 0.056354 
128 0.011163 0.000833 0.000577 0.000000 0.003040 0.000694 0.000729 0.343083 0.058204 0.065828 0.000062 0.041340 0.004014 0.000495 0.000000 0.215422 0.000262 0.009196 0.232654 0.000000 0.000000 0.024399 
129 0.012280 0.000918 0.000185 0.000000 0.002453 0.001111 0.000725 0.411247 0.046948 0.013430 0.000162 0.032112 0.000439 0.000116 0.000000 0.260473 0.000215 0.002664 0.223775 0.000000 0.000000 0.003946 
132 0.013321 0.001126 0.000209 0.000000 0.001866 0.000556 0.001642 0.517224 0.011623 0.003695 0.000179 0.018742 0.000062 0.000558 0.000000 0.360749 0.000297 0.000286 0.081288 0.000000 0.000000 0.001022 
133 0.011072 0.000826 0.000218 0.000000 0.001057 0.000700 0.000227 0.336134 0.056437 0.056978 0.000188 0.048626 0.001624 0.000467 0.000000 0.229469 0.000427 0.023686 0.215099 0.000000 0.000000 0.028660 
134 0.009456 0.000770 0.001422 0.000000 0.010801 0.007937 0.002984 0.201268 0.059284 0.111194 0.000926 0.055729 0.000367 0.000000 0.000000 0.228274 0.000679 0.030025 0.220985 0.000411 0.000000 0.067713 
140 0.013379 0.001144 0.000294 0.000000 0.000660 0.000062 0.001017 0.559053 0.019947 0.000254 0.000361 0.021224 0.001446 0.000620 0.000000 0.318661 0.000300 0.000542 0.075086 0.000000 0.000000 0.000472 
141 0.013674 0.001281 0.000157 0.000000 0.001441 0.000108 0.001672 0.506154 0.008789 0.004653 0.000153 0.002317 0.001472 0.000380 0.000000 0.464585 0.000030 0.000689 0.005681 0.000000 0.000000 0.001720 
142 0.010106 0.000785 0.000270 0.000000 0.004410 0.000934 0.001473 0.230091 0.041688 0.095527 0.000211 0.072231 0.005436 0.000390 0.000000 0.232534 0.000532 0.040216 0.232147 0.000000 0.000000 0.041909 
143 0.013393 0.001157 0.000420 0.000000 0.001635 0.000212 0.001343 0.520285 0.017206 0.004452 0.000120 0.014324 0.000462 0.000265 0.000000 0.376465 0.000424 0.000221 0.060769 0.000000 0.000000 0.001398 
144 0.009520 0.000771 0.000000 0.000000 0.016077 0.001378 0.004699 0.245620 0.058641 0.114359 0.001937 0.038562 0.014072 0.000458 0.000000 0.192037 0.000593 0.035967 0.216384 0.000244 0.000000 0.058971 
155 0.012448 0.000937 0.000188 0.000000 0.001403 0.000489 0.001493 0.448502 0.045757 0.006471 0.000283 0.006651 0.002173 0.000046 0.000000 0.264620 0.000351 0.001232 0.218273 0.000000 0.000000 0.002068 
156 0.012661 0.000964 0.000190 0.000000 0.000149 0.000617 0.000953 0.457865 0.045424 0.001102 0.000354 0.021081 0.001448 0.000125 0.000000 0.278432 0.000802 0.000197 0.189730 0.000000 0.000000 0.001531 
159 0.013207 0.001090 0.000325 0.000000 0.002415 0.000757 0.001192 0.499004 0.009383 0.001028 0.000599 0.027964 0.001688 0.000791 0.000000 0.348498 0.000085 0.000906 0.104896 0.000000 0.000000 0.000469 
161 0.011778 0.000875 0.000499 0.000000 0.000811 0.001562 0.000859 0.373843 0.060311 0.032878 0.000156 0.040012 0.000057 0.000249 0.000000 0.239924 0.000255 0.000383 0.231909 0.000000 0.000000 0.016291 
162 0.011444 0.000850 0.000333 0.000000 0.002910 0.002880 0.000245 0.333561 0.067962 0.051552 0.000189 0.036071 0.001953 0.000030 0.000000 0.259406 0.000099 0.010296 0.212810 0.000000 0.000000 0.019703 
163 0.011778 0.000875 0.000499 0.000000 0.000811 0.001562 0.000859 0.373843 0.060311 0.032878 0.000156 0.040012 0.000057 0.000249 0.000000 0.239924 0.000255 0.000383 0.231909 0.000000 0.000000 0.016291 
165 0.011260 0.000838 0.000715 0.000000 0.007342 0.004059 0.000515 0.337460 0.071273 0.052842 0.000195 0.024645 0.000860 0.000072 0.000000 0.244107 0.000267 0.012523 0.220195 0.000000 0.000000 0.022931 
169 0.011939 0.000888 0.000527 0.000000 0.004545 0.001782 0.000968 0.364413 0.066620 0.042446 0.000162 0.027732 0.000274 0.000088 0.000000 0.269046 0.000331 0.004075 0.212051 0.000000 0.000000 0.004942 
172 0.010960 0.000820 0.000236 0.000000 0.003177 0.002053 0.000340 0.321527 0.047537 0.071117 0.000229 0.056773 0.001294 0.000336 0.000000 0.228768 0.000130 0.016052 0.217522 0.000000 0.000000 0.032909 
173 0.013607 0.001248 0.000246 0.000000 0.001040 0.000416 0.000968 0.627169 0.006843 0.002034 0.000360 0.013508 0.000192 0.000080 0.000000 0.309825 0.000255 0.002081 0.032705 0.000000 0.000000 0.002276 
175 0.012723 0.000973 0.000397 0.000000 0.002470 0.000158 0.000490 0.457035 0.040960 0.001079 0.000487 0.021386 0.000421 0.000383 0.000000 0.291242 0.000100 0.000628 0.181989 0.000000 0.000000 0.000774 
176 0.013696 0.001301 0.000147 0.000000 0.003205 0.000985 0.001447 0.453467 0.003034 0.000607 0.000193 0.022879 0.002492 0.000724 0.000000 0.506995 0.001166 0.000084 0.001707 0.000000 0.000000 0.000867 
177 0.013712 0.001329 0.000399 0.000000 0.001667 0.001172 0.002122 0.685906 0.021434 0.005156 0.000088 0.017746 0.001438 0.001044 0.000000 0.254025 0.000790 0.000185 0.006487 0.000000 0.000000 0.000339 
179 0.013052 0.001046 0.000318 0.000000 0.001942 0.000145 0.000367 0.498314 0.031038 0.001638 0.000512 0.017952 0.001832 0.000381 0.000000 0.321088 0.000061 0.000824 0.122663 0.000000 0.000000 0.000924 
181 0.010506 0.000797 0.000563 0.000000 0.001755 0.001997 0.001046 0.283799 0.067274 0.066836 0.000324 0.053697 0.002176 0.000120 0.000000 0.231136 0.000369 0.041470 0.209693 0.000000 0.000000 0.037744 
182 0.012542 0.000949 0.000343 0.000000 0.000778 0.000133 0.000860 0.422702 0.043077 0.000638 0.000245 0.017637 0.000955 0.000193 0.000000 0.297230 0.001108 0.001231 0.211871 0.000000 0.000000 0.001001 
183 0.009520 0.000771 0.000000 0.000000 0.016077 0.001378 0.004699 0.245620 0.058641 0.114359 0.001937 0.038562 0.014072 0.000458 0.000000 0.192037 0.000593 0.035967 0.216384 0.000244 0.000000 0.058971 
184 0.013289 0.001118 0.000120 0.000000 0.001311 0.000147 0.000710 0.515318 0.012110 0.003397 0.000084 0.016533 0.002404 0.000431 0.000000 0.360073 0.000491 0.002414 0.084078 0.000000 0.000000 0.000379 
188 0.010967 0.000820 0.000431 0.000000 0.001545 0.000879 0.000335 0.331879 0.049232 0.068247 0.000201 0.036214 0.001917 0.000512 0.000000 0.236252 0.000278 0.021925 0.220320 0.000000 0.000000 0.029833 
189 0.012926 0.001011 0.000147 0.000000 0.001748 0.000235 0.000246 0.498292 0.031399 0.000395 0.000419 0.022935 0.001590 0.000394 0.000000 0.286347 0.000061 0.001023 0.154689 0.000000 0.000000 0.000082 
193 0.011986 0.000891 0.000170 0.000000 0.003845 0.001173 0.000678 0.377400 0.064829 0.031511 0.000131 0.033893 0.001003 0.000036 0.000000 0.264604 0.000271 0.006300 0.205906 0.000000 0.000000 0.008250 
196 0.012443 0.000935 0.000040 0.000000 0.003905 0.001269 0.000045 0.440511 0.054348 0.013423 0.000058 0.021624 0.001459 0.000046 0.000000 0.262516 0.000149 0.002055 0.196305 0.000000 0.000000 0.002244 
198 0.013052 0.001046 0.000318 0.000000 0.001942 0.000145 0.000367 0.498314 0.031038 0.001638 0.000512 0.017952 0.001832 0.000381 0.000000 0.321088 0.000061 0.000824 0.122663 0.000000 0.000000 0.000924 
199 0.012841 0.000997 0.000361 0.000000 0.002996 0.000224 0.000545 0.473020 0.040352 0.001036 0.000239 0.023950 0.000664 0.000467 0.000000 0.295917 0.000365 0.000822 0.158363 0.000000 0.000000 0.000681 
201 0.013086 0.001053 0.000244 0.000000 0.001905 0.000232 0.000530 0.473840 0.038101 0.000246 0.000458 0.017723 0.001364 0.000210 0.000000 0.349081 0.000314 0.000866 0.114795 0.000000 0.000000 0.000089 
203 0.013147 0.001070 0.000272 0.000000 0.000918 0.000503 0.000720 0.512800 0.013110 0.002130 0.000381 0.015967 0.000178 0.000213 0.000000 0.332941 0.000669 0.001521 0.116941 0.000000 0.000000 0.000736 
204 0.012797 0.000987 0.000330 0.000000 0.003675 0.000345 0.000805 0.463418 0.040161 0.001451 0.000528 0.017300 0.000559 0.000232 0.000000 0.303201 0.000040 0.000335 0.166732 0.000000 0.000000 0.000887 
207 0.012138 0.000905 0.000636 0.000000 0.003380 0.001371 0.000782 0.392414 0.058141 0.027363 0.000103 0.024328 0.000330 0.000075 0.000000 0.265825 0.000353 0.004159 0.218175 0.000000 0.000000 0.002564 
210 0.011630 0.000863 0.000509 0.000000 0.002525 0.002537 0.000449 0.364730 0.062601 0.047419 0.000181 0.028116 0.002039 0.000069 0.000000 0.257556 0.000015 0.007874 0.206009 0.000000 0.000000 0.017371 
217 0.013572 0.001233 0.000487 0.000000 0.001467 0.000321 0.001359 0.529527 0.007722 0.005050 0.000079 0.005125 0.000882 0.000428 0.000000 0.417865 0.000097 0.000386 0.026999 0.000000 0.000000 0.002205 
218 0.010112 0.000785 0.000023 0.000000 0.005296 0.003144 0.001740 0.252876 0.084816 0.072931 0.000428 0.046569 0.001802 0.000877 0.000000 0.226423 0.000525 0.042649 0.212186 0.000000 0.000000 0.047713 
220 0.010461 0.000796 0.000523 0.000000 0.002945 0.001863 0.001076 0.290857 0.051255 0.070700 0.000385 0.049326 0.003501 0.000147 0.000000 0.231687 0.000618 0.040948 0.214768 0.000000 0.000000 0.039399 
221 0.012693 0.000969 0.000160 0.000000 0.000213 0.000541 0.001309 0.451449 0.041884 0.000602 0.000338 0.019507 0.000826 0.000123 0.000000 0.291221 0.001125 0.000419 0.189821 0.000000 0.000000 0.000462 
223 0.011694 0.000869 0.000382 0.000000 0.002315 0.001652 0.000228 0.360953 0.082481 0.034332 0.000184 0.036178 0.001741 0.000042 0.000000 0.235118 0.000100 0.009131 0.223196 0.000000 0.000000 0.011966 
225 0.013080 0.001053 0.000140 0.000000 0.001256 0.000624 0.000832 0.544883 0.023652 0.000319 0.000192 0.010837 0.000903 0.000214 0.000000 0.283458 0.000447 0.001969 0.129584 0.000000 0.000000 0.000690 
226 0.010461 0.000796 0.000523 0.000000 0.002945 0.001863 0.001076 0.290857 0.051255 0.070700 0.000385 0.049326 0.003501 0.000147 0.000000 0.231687 0.000618 0.040948 0.214768 0.000000 0.000000 0.039399 
227 0.012415 0.000934 0.000742 0.000000 0.002455 0.000883 0.000865 0.426400 0.059279 0.013042 0.000241 0.018211 0.000482 0.000240 0.000000 0.272299 0.000430 0.001229 0.201716 0.000000 0.000000 0.001486 
235 0.012127 0.000905 0.000545 0.000000 0.006182 0.001733 0.001028 0.376313 0.070684 0.025206 0.000073 0.022121 0.001440 0.000043 0.000000 0.269946 0.000314 0.002486 0.220848 0.000000 0.000000 0.001038 
239 0.013409 0.001162 0.000452 0.000000 0.002655 0.000467 0.001515 0.540189 0.010424 0.004876 0.000083 0.016891 0.000231 0.000277 0.000000 0.358004 0.000314 0.000319 0.061784 0.000000 0.000000 0.001518 
241 0.013477 0.001188 0.000089 0.000000 0.000010 0.001006 0.001392 0.516823 0.003378 0.000486 0.000080 0.014041 0.002844 0.000214 0.000000 0.404714 0.000355 0.001373 0.050521 0.000000 0.000000 0.002672 
242 0.012141 0.000906 0.000309 0.000000 0.002222 0.001692 0.000701 0.398465 0.057865 0.019280 0.000197 0.022140 0.000409 0.000088 0.000000 0.251322 0.000267 0.001904 0.240530 0.000000 0.000000 0.002609 
246 0.013090 0.001056 0.000261 0.000000 0.001552 0.000902 0.002116 0.489506 0.019379 0.005904 0.000060 0.023009 0.000780 0.000161 0.000000 0.335205 0.000630 0.000178 0.120299 0.000000 0.000000 0.000058 
247 0.012934 0.001017 0.000333 0.000000 0.002146 0.000137 0.000507 0.492045 0.039556 0.000744 0.000536 0.024045 0.001565 0.000400 0.000000 0.293710 0.000072 0.001037 0.142654 0.000000 0.000000 0.000512 
249 0.011278 0.000840 0.000540 0.000000 0.002621 0.000757 0.000623 0.336956 0.056140 0.064255 0.000056 0.051507 0.003598 0.000465 0.000000 0.225310 0.000255 0.005409 0.228152 0.000000 0.000000 0.023355 
250 0.013002 0.001034 0.000112 0.000000 0.000396 0.000411 0.001611 0.463700 0.036341 0.002637 0.000329 0.026206 0.001148 0.000125 0.000000 0.337063 0.000689 0.000734 0.128222 0.000000 0.000000 0.000276 
252 0.013278 0.001113 0.000171 0.000000 0.001653 0.000433 0.000061 0.501573 0.012201 0.004155 0.000215 0.012015 0.000828 0.000328 0.000000 0.376974 0.000399 0.001464 0.086884 0.000000 0.000000 0.000643 
253 0.013693 0.001294 0.000167 0.000000 0.002498 0.000983 0.002186 0.481920 0.006771 0.000561 0.000225 0.022308 0.003031 0.000586 0.000000 0.474584 0.001244 0.000441 0.001590 0.000000 0.000000 0.000907 
257 0.009098 0.000766 0.001555 0.000000 0.016172 0.007405 0.006099 0.214001 0.054414 0.119595 0.001267 0.043469 0.002162 0.000000 0.000000 0.206799 0.000713 0.037531 0.210934 0.000606 0.000000 0.077281 
258 0.012261 0.000917 0.000169 0.000000 0.002809 0.001657 0.000780 0.416782 0.046436 0.018036 0.000136 0.032033 0.000122 0.000200 0.000000 0.257263 0.000220 0.003144 0.215625 0.000000 0.000000 0.004589 
259 0.010576 0.000801 0.000635 0.000000 0.001853 0.002157 0.000859 0.283548 0.069705 0.066559 0.000316 0.056333 0.003278 0.000169 0.000000 0.231711 0.000416 0.039911 0.207428 0.000000 0.000000 0.035122 
261 0.010506 0.000797 0.000563 0.000000 0.001755 0.001997 0.001046 0.283799 0.067274 0.066836 0.000324 0.053697 0.002176 0.000120 0.000000 0.231136 0.000369 0.041470 0.209693 0.000000 0.000000 0.037744 
274 0.013691 0.001297 0.000090 0.000000 0.002676 0.000800 0.001364 0.452822 0.007407 0.000784 0.000169 0.021874 0.002634 0.000736 0.000000 0.505223 0.000900 0.000093 0.001640 0.000000 0.000000 0.000787 
276 0.013829 0.001353 0.000186 0.000000 0.001637 0.000157 0.000812 0.696091 0.010529 0.001413 0.000067 0.011983 0.000261 0.000234 0.000000 0.273498 0.000095 0.000397 0.001054 0.000000 0.000000 0.001585 
278 0.011778 0.000875 0.000499 0.000000 0.000811 0.001562 0.000859 0.373843 0.060311 0.032878 0.000156 0.040012 0.000057 0.000249 0.000000 0.239924 0.000255 0.000383 0.231909 0.000000 0.000000 0.016291 
280 0.011444 0.000850 0.000333 0.000000 0.002910 0.002880 0.000245 0.333561 0.067962 0.051552 0.000189 0.036071 0.001953 0.000030 0.000000 0.259406 0.000099 0.010296 0.212810 0.000000 0.000000 0.019703 
281 0.010025 0.000783 0.001006 0.000000 0.015409 0.006180 0.003942 0.250596 0.058603 0.101888 0.001010 0.058476 0.000525 0.000000 0.000000 0.218210 0.001058 0.028016 0.204546 0.000285 0.000000 0.050248 
282 0.010330 0.000791 0.000228 0.000000 0.003763 0.000936 0.001709 0.252417 0.049432 0.079772 0.000184 0.074612 0.005639 0.000418 0.000000 0.227420 0.000584 0.033848 0.226798 0.000000 0.000000 0.042241 
283 0.011400 0.000846 0.000041 0.000000 0.002458 0.000541 0.000557 0.339598 0.055533 0.055211 0.000208 0.041676 0.002255 0.000412 0.000000 0.249291 0.000245 0.011665 0.219999 0.000000 0.000000 0.020308 
287 0.010576 0.000801 0.000635 0.000000 0.001853 0.002157 0.000859 0.283548 0.069705 0.066559 0.000316 0.056333 0.003278 0.000169 0.000000 0.231711 0.000416 0.039911 0.207428 0.000000 0.000000 0.035122 
288 0.012687 0.000968 0.000307 0.000000 0.000503 0.000333 0.000628 0.451970 0.042030 0.000674 0.000385 0.020408 0.001308 0.000085 0.000000 0.290242 0.000934 0.001040 0.188668 0.000000 0.000000 0.000483 
290 0.010798 0.000811 0.000326 0.000000 0.001513 0.001294 0.000201 0.297614 0.048708 0.071030 0.000183 0.057009 0.001964 0.000505 0.000000 0.237426 0.000158 0.020196 0.226405 0.000000 0.000000 0.035467 
294 0.010972 0.000820 0.000223 0.000000 0.002373 0.001292 0.000405 0.321133 0.054109 0.065502 0.000198 0.043238 0.002095 0.000456 0.000000 0.237774 0.000224 0.023724 0.218500 0.000000 0.000000 0.028753 
295 0.012695 0.000969 0.000254 0.000000 0.000442 0.000396 0.001210 0.452246 0.041217 0.000597 0.000370 0.020017 0.000694 0.000117 0.000000 0.290878 0.000933 0.000383 0.189647 0.000000 0.000000 0.000600 
296 0.010799 0.000811 0.000020 0.000000 0.001076 0.000602 0.000246 0.308922 0.050535 0.063230 0.000193 0.057965 0.002238 0.000545 0.000000 0.224858 0.000249 0.020510 0.231202 0.000000 0.000000 0.037608 
297 0.012858 0.000998 0.000373 0.000000 0.003582 0.000381 0.000862 0.468258 0.037649 0.001788 0.000464 0.017470 0.000540 0.000155 0.000000 0.308972 0.000218 0.000402 0.158753 0.000000 0.000000 0.000135 
298 0.012351 0.000926 0.000099 0.000000 0.003203 0.001419 0.001357 0.417864 0.051330 0.018661 0.000042 0.019017 0.000867 0.000075 0.000000 0.278480 0.000281 0.002485 0.201935 0.000000 0.000000 0.002886 
299 0.011714 0.000870 0.000558 0.000000 0.001131 0.001694 0.000828 0.368170 0.060865 0.031782 0.000162 0.037846 0.000524 0.000240 0.000000 0.242697 0.000196 0.000801 0.233881 0.000000 0.000000 0.018624 
301 0.011585 0.000859 0.000210 0.000000 0.001549 0.001887 0.000467 0.361077 0.059806 0.050697 0.000161 0.036993 0.001370 0.000335 0.000000 0.247551 0.000136 0.006196 0.213142 0.000000 0.000000 0.018425 
303 0.012393 0.000930 0.000071 0.000000 0.004383 0.001551 0.000070 0.432884 0.058349 0.013379 0.000155 0.022479 0.001437 0.000045 0.000000 0.259625 0.000339 0.002409 0.200697 0.000000 0.000000 0.002126 
304 0.011012 0.000823 0.000239 0.000000 0.002265 0.000967 0.000398 0.322744 0.059347 0.058740 0.000236 0.043296 0.001278 0.000457 0.000000 0.238393 0.000216 0.029932 0.215627 0.000000 0.000000 0.025868 
308 0.013054 0.001046 0.000309 0.000000 0.001333 0.000175 0.000837 0.518214 0.032124 0.000912 0.000469 0.015956 0.001277 0.000272 0.000000 0.300203 0.000130 0.001442 0.125640 0.000000 0.000000 0.000708 
310 0.009406 0.000770 0.001283 0.000000 0.018700 0.007960 0.004452 0.181296 0.060028 0.123601 0.000939 0.059028 0.000459 0.000000 0.000000 0.226671 0.001018 0.038826 0.218132 0.000430 0.000000 0.057178 
313 0.012454 0.000939 0.000976 0.000000 0.002745 0.000122 0.001014 0.414442 0.050410 0.017175 0.000216 0.033658 0.000196 0.000070 0.000000 0.279885 0.000551 0.000493 0.197722 0.000000 0.000000 0.000324 
314 0.009406 0.000770 0.001283 0.000000 0.018700 0.007960 0.004452 0.181296 0.060028 0.123601 0.000939 0.059028 0.000459 0.000000 0.000000 0.226671 0.001018 0.038826 0.218132 0.000430 0.000000 0.057178 
316 0.011939 0.000888 0.000527 0.000000 0.004545 0.001782 0.000968 0.364413 0.066620 0.042446 0.000162 0.027732 0.000274 0.000088 0.000000 0.269046 0.000331 0.004075 0.212051 0.000000 0.000000 0.004942 
319 0.012926 0.001011 0.000147 0.000000 0.001748 0.000235 0.000246 0.498292 0.031399 0.000395 0.000419 0.022935 0.001590 0.000394 0.000000 0.286347 0.000061 0.001023 0.154689 0.000000 0.000000 0.000082 
324 0.013271 0.001107 0.000301 0.000000 0.000241 0.000073 0.001098 0.541447 0.021432 0.000701 0.000518 0.021894 0.001565 0.000485 0.000000 0.315062 0.000139 0.000581 0.093951 0.000000 0.000000 0.000511 
327 0.011838 0.000879 0.000432 0.000000 0.000677 0.000937 0.000891 0.368308 0.062627 0.030606 0.000096 0.030335 0.000346 0.000258 0.000000 0.254344 0.000077 0.001775 0.235698 0.000000 0.000000 0.012593 
328 0.012926 0.001011 0.000147 0.000000 0.001748 0.000235 0.000246 0.498292 0.031399 0.000395 0.000419 0.022935 0.001590 0.000394 0.000000 0.286347 0.000061 0.001023 0.154689 0.000000 0.000000 0.000082 
330 0.011022 0.000824 0.000497 0.000000 0.001868 0.000477 0.000208 0.316884 0.053097 0.052928 0.000222 0.051063 0.002371 0.000535 0.000000 0.239499 0.000292 0.018807 0.229315 0.000000 0.000000 0.031938 
331 0.009406 0.000770 0.001283 0.000000 0.018700 0.007960 0.004452 0.181296 0.060028 0.123601 0.000939 0.059028 0.000459 0.000000 0.000000 0.226671 0.001018 0.038826 0.218132 0.000430 0.000000 0.057178 
333 0.011484 0.000853 0.000304 0.000000 0.001605 0.002355 0.000249 0.342338 0.060714 0.048716 0.000177 0.034267 0.002007 0.000385 0.000000 0.260589 0.000130 0.009224 0.216607 0.000000 0.000000 0.020335 
334 0.012484 0.000941 0.000233 0.000000 0.001654 0.000235 0.000835 0.437653 0.049478 0.007442 0.000259 0.009150 0.001473 0.000337 0.000000 0.281856 0.000398 0.000790 0.206032 0.000000 0.000000 0.002174 
335 0.012591 0.000955 0.000106 0.000000 0.000198 0.000766 0.001708 0.439427 0.047506 0.001435 0.000320 0.020785 0.001399 0.000224 0.000000 0.286229 0.000876 0.000603 0.196388 0.000000 0.000000 0.002031 
338 0.012257 0.000917 0.000410 0.000000 0.002304 0.001077 0.000755 0.410813 0.059829 0.018753 0.000105 0.033785 0.000460 0.000359 0.000000 0.252573 0.000324 0.002701 0.212891 0.000000 0.000000 0.002860 
342 0.013210 0.001091 0.000228 0.000000 0.001089 0.000454 0.000817 0.518147 0.012439 0.003310 0.000377 0.015246 0.000287 0.000188 0.000000 0.342492 0.000286 0.002248 0.101500 0.000000 0.000000 0.000892 
345 0.010263 0.000790 0.000478 0.000000 0.002976 0.002062 0.001195 0.281587 0.061106 0.073866 0.000322 0.062104 0.003673 0.000517 0.000000 0.204850 0.000673 0.055388 0.212568 0.000000 0.000000 0.036635 
347 0.013670 0.001282 0.000309 0.000000 0.002003 0.000562 0.002486 0.543049 0.007378 0.006703 0.000113 0.005041 0.000660 0.000474 0.000000 0.423393 0.000045 0.000518 0.005204 0.000000 0.000000 0.002061 
348 0.013086 0.001053 0.000244 0.000000 0.001905 0.000232 0.000530 0.473840 0.038101 0.000246 0.000458 0.017723 0.001364 0.000210 0.000000 0.349081 0.000314 0.000866 0.114795 0.000000 0.000000 0.000089 
349 0.010112 0.000785 0.000023 0.000000 0.005296 0.003144 0.001740 0.252876 0.084816 0.072931 0.000428 0.046569 0.001802 0.000877 0.000000 0.226423 0.000525 0.042649 0.212186 0.000000 0.000000 0.047713 
360 0.011347 0.000843 0.000259 0.000000 0.001490 0.001335 0.000066 0.341473 0.056682 0.056489 0.000196 0.050830 0.002287 0.000371 0.000000 0.239626 0.000199 0.017375 0.210761 0.000000 0.000000 0.020561 
361 0.013614 0.001256 0.000384 0.000000 0.001820 0.000264 0.001390 0.536169 0.024159 0.005548 0.000546 0.003239 0.000359 0.000860 0.000000 0.411790 0.000605 0.000233 0.012520 0.000000 0.000000 0.000112 
362 0.010506 0.000797 0.000563 0.000000 0.001755 0.001997 0.001046 0.283799 0.067274 0.066836 0.000324 0.053697 0.002176 0.000120 0.000000 0.231136 0.000369 0.041470 0.209693 0.000000 0.000000 0.037744 
364 0.011444 0.000850 0.000333 0.000000 0.002910 0.002880 0.000245 0.333561 0.067962 0.051552 0.000189 0.036071 0.001953 0.000030 0.000000 0.259406 0.000099 0.010296 0.212810 0.000000 0.000000 0.019703 
365 0.011749 0.000872 0.000441 0.000000 0.000481 0.000897 0.001053 0.371931 0.060334 0.032555 0.000064 0.028321 0.000282 0.000254 0.000000 0.252145 0.000014 0.005180 0.230287 0.000000 0.000000 0.015760 
366 0.012723 0.000973 0.000397 0.000000 0.002470 0.000158 0.000490 0.457035 0.040960 0.001079 0.000487 0.021386 0.000421 0.000383 0.000000 0.291242 0.000100 0.000628 0.181989 0.000000 0.000000 0.000774 
369 0.012723 0.000973 0.000397 0.000000 0.002470 0.000158 0.000490 0.457035 0.040960 0.001079 0.000487 0.021386 0.000421 0.000383 0.000000 0.291242 0.000100 0.000628 0.181989 0.000000 0.000000 0.000774 
371 0.009712 0.000775 0.001303 0.000000 0.013704 0.009750 0.003861 0.258997 0.058091 0.112310 0.001201 0.042432 0.001971 0.000000 0.000000 0.199319 0.000493 0.032985 0.206733 0.000496 0.000000 0.056354 
372 0.012723 0.000973 0.000397 0.000000 0.002470 0.000158 0.000490 0.457035 0.040960 0.001079 0.000487 0.021386 0.000421 0.000383 0.000000 0.291242 0.000100 0.000628 0.181989 0.000000 0.000000 0.000774 
374 0.013669 0.001284 0.000126 0.000000 0.002503 0.000948 0.001455 0.468505 0.002733 0.000612 0.000212 0.022481 0.002861 0.000819 0.000000 0.485765 0.001449 0.000382 0.008516 0.000000 0.000000 0.000632 
375 0.011249 0.000838 0.000265 0.000000 0.001316 0.001304 0.000206 0.344419 0.054308 0.058971 0.000166 0.049316 0.002268 0.000370 0.000000 0.237149 0.000140 0.021050 0.204916 0.000000 0.000000 0.023835 
376 0.011484 0.000853 0.000304 0.000000 0.001605 0.002355 0.000249 0.342338 0.060714 0.048716 0.000177 0.034267 0.002007 0.000385 0.000000 0.260589 0.000130 0.009224 0.216607 0.000000 0.000000 0.020335 
377 0.013274 0.001112 0.000299 0.000000 0.002573 0.000739 0.001835 0.506168 0.007192 0.006020 0.000067 0.023571 0.000571 0.000068 0.000000 0.360084 0.000420 0.000748 0.089156 0.000000 0.000000 0.000490 
381 0.012584 0.000954 0.000349 0.000000 0.001131 0.000153 0.000700 0.434979 0.043504 0.000564 0.000393 0.021887 0.001166 0.000063 0.000000 0.287237 0.001001 0.001460 0.204808 0.000000 0.000000 0.000606 
385 0.012976 0.001022 0.000156 0.000000 0.001333 0.000223 0.000287 0.502423 0.030598 0.000434 0.000418 0.022535 0.001640 0.000406 0.000000 0.292533 0.000025 0.001045 0.145919 0.000000 0.000000 0.000025 
386 0.011199 0.000833 0.000044 0.000000 0.002797 0.001146 0.000509 0.332614 0.058830 0.057922 0.000277 0.046257 0.000870 0.000349 0.000000 0.237986 0.000243 0.017481 0.217594 0.000000 0.000000 0.025079 
387 0.009668 0.000771 0.001289 0.000000 0.011979 0.006785 0.002830 0.238753 0.057481 0.091372 0.000895 0.055159 0.000533 0.000000 0.000000 0.216113 0.000909 0.038231 0.213977 0.000416 0.000000 0.063277 
390 0.013552 0.001224 0.000341 0.000000 0.001624 0.000325 0.001365 0.556892 0.014324 0.005779 0.000165 0.001939 0.000423 0.000328 0.000000 0.384196 0.000015 0.000256 0.029819 0.000000 0.000000 0.002210 
392 0.012110 0.000904 0.000541 0.000000 0.003447 0.002270 0.000461 0.395608 0.063658 0.020601 0.000168 0.025200 0.000968 0.000160 0.000000 0.267341 0.000194 0.005957 0.206348 0.000000 0.000000 0.007080 
394 0.010960 0.000820 0.000236 0.000000 0.003177 0.002053 0.000340 0.321527 0.047537 0.071117 0.000229 0.056773 0.001294 0.000336 0.000000 0.228768 0.000130 0.016052 0.217522 0.000000 0.000000 0.032909 
397 0.013645 0.001273 0.000287 0.000000 0.001594 0.000109 0.001918 0.542451 0.009818 0.007118 0.000120 0.007070 0.000681 0.000303 0.000000 0.417791 0.000347 0.000745 0.007459 0.000000 0.000000 0.002190 
398 0.012723 0.000973 0.000397 0.000000 0.002470 0.000158 0.000490 0.457035 0.040960 0.001079 0.000487 0.021386 0.000421 0.000383 0.000000 0.291242 0.000100 0.000628 0.181989 0.000000 0.000000 0.000774 
400 0.010506 0.000797 0.000563 0.000000 0.001755 0.001997 0.001046 0.283799 0.067274 0.066836 0.000324 0.053697 0.002176 0.000120 0.000000 0.231136 0.000369 0.041470 0.209693 0.000000 0.000000 0.037744 
401 0.012261 0.000917 0.000169 0.000000 0.002809 0.001657 0.000780 0.416782 0.046436 0.018036 0.000136 0.032033 0.000122 0.000200 0.000000 0.257263 0.000220 0.003144 0.215625 0.000000 0.000000 0.004589 
403 0.012639 0.000961 0.000364 0.000000 0.000830 0.000153 0.000775 0.445418 0.042339 0.000665 0.000395 0.018929 0.001201 0.000030 0.000000 0.291287 0.000871 0.001245 0.194339 0.000000 0.000000 0.001158 
404 0.010331 0.000791 0.000616 0.000000 0.002748 0.002262 0.001108 0.273351 0.059259 0.074667 0.000399 0.058952 0.003833 0.000462 0.000000 0.226570 0.000625 0.046398 0.209272 0.000000 0.000000 0.039478 
407 0.013224 0.001095 0.000140 0.000000 0.000907 0.000351 0.000665 0.539992 0.012450 0.003849 0.000322 0.013076 0.001433 0.000253 0.000000 0.321986 0.000419 0.001337 0.102086 0.000000 0.000000 0.000735 
408 0.011754 0.000873 0.000488 0.000000 0.000760 0.001157 0.000849 0.369146 0.060391 0.032263 0.000045 0.032792 0.000209 0.000239 0.000000 0.248819 0.000306 0.002378 0.234086 0.000000 0.000000 0.016072 
411 0.012257 0.000917 0.000410 0.000000 0.002304 0.001077 0.000755 0.410813 0.059829 0.018753 0.000105 0.033785 0.000460 0.000359 0.000000 0.252573 0.000324 0.002701 0.212891 0.000000 0.000000 0.002860 
415 0.009520 0.000771 0.000000 0.000000 0.016077 0.001378 0.004699 0.245620 0.058641 0.114359 0.001937 0.038562 0.014072 0.000458 0.000000 0.192037 0.000593 0.035967 0.216384 0.000244 0.000000 0.058971 
417 0.012860 0.001001 0.000411 0.000000 0.003083 0.000168 0.000536 0.480024 0.040102 0.001228 0.000559 0.023449 0.000563 0.000460 0.000000 0.292058 0.000257 0.000081 0.156357 0.000000 0.000000 0.000665 
418 0.011444 0.000850 0.000333 0.000000 0.002910 0.002880 0.000245 0.333561 0.067962 0.051552 0.000189 0.036071 0.001953 0.000030 0.000000 0.259406 0.000099 0.010296 0.212810 0.000000 0.000000 0.019703 
420 0.013505 0.001196 0.000419 0.000000 0.000574 0.001434 0.002398 0.472495 0.002582 0.000373 0.000172 0.024327 0.000980 0.000625 0.000000 0.441865 0.000599 0.000594 0.050429 0.000000 0.000000 0.000132 
421 0.012118 0.000904 0.000550 0.000000 0.003029 0.001817 0.000499 0.401771 0.052475 0.027209 0.000058 0.022640 0.001037 0.000153 0.000000 0.266963 0.000302 0.003225 0.211556 0.000000 0.000000 0.006716 
423 0.010025 0.000783 0.001006 0.000000 0.015409 0.006180 0.003942 0.250596 0.058603 0.101888 0.001010 0.058476 0.000525 0.000000 0.000000 0.218210 0.001058 0.028016 0.204546 0.000285 0.000000 0.050248 
431 0.013235 0.001096 0.000314 0.000000 0.000252 0.000076 0.001146 0.521620 0.022359 0.000731 0.000540 0.022841 0.001633 0.000506 0.000000 0.328685 0.000145 0.000606 0.098013 0.000000 0.000000 0.000533 
433 0.013235 0.001096 0.000314 0.000000 0.000252 0.000076 0.001146 0.521620 0.022359 0.000731 0.000540 0.022841 0.001633 0.000506 0.000000 0.328685 0.000145 0.000606 0.098013 0.000000 0.000000 0.000533 
435 0.013421 0.001165 0.000404 0.000000 0.001571 0.000204 0.001291 0.538988 0.016535 0.004279 0.000115 0.013765 0.000444 0.000255 0.000000 0.361787 0.000407 0.000212 0.058400 0.000000 0.000000 0.001343 
437 0.010946 0.000819 0.000456 0.000000 0.002074 0.000938 0.000439 0.318720 0.050099 0.066239 0.000206 0.049207 0.001948 0.000513 0.000000 0.233029 0.000258 0.021151 0.224359 0.000000 0.000000 0.030365 
438 0.012543 0.000949 0.000064 0.000000 0.001703 0.000337 0.001089 0.412840 0.038692 0.002646 0.000398 0.022962 0.001592 0.000193 0.000000 0.303493 0.000698 0.000886 0.211723 0.000000 0.000000 0.000685 
439 0.010230 0.000789 0.000387 0.000000 0.003504 0.000929 0.002292 0.251546 0.048926 0.077629 0.000168 0.063049 0.007338 0.000951 0.000000 0.235717 0.000702 0.030696 0.227413 0.000000 0.000000 0.048754 
440 0.013667 0.001277 0.000437 0.000000 0.001686 0.000302 0.002230 0.546559 0.023005 0.002988 0.000221 0.007221 0.000535 0.000183 0.000000 0.408530 0.000432 0.000782 0.003431 0.000000 0.000000 0.001458 
443 0.009144 0.000766 0.000000 0.000000 0.014197 0.001083 0.004879 0.251556 0.049769 0.100517 0.001510 0.043241 0.010755 0.000577 0.000000 0.172573 0.000510 0.041899 0.227024 0.000126 0.000000 0.079784 
444 0.010780 0.000810 0.000258 0.000000 0.001179 0.000997 0.000172 0.305082 0.049202 0.066470 0.000186 0.057277 0.002198 0.000556 0.000000 0.228094 0.000177 0.024689 0.228314 0.000000 0.000000 0.035149 
450 0.013690 0.001277 0.000130 0.000000 0.000756 0.000093 0.001782 0.505804 0.009857 0.004045 0.000149 0.010504 0.001114 0.000397 0.000000 0.456379 0.000046 0.000241 0.007696 0.000000 0.000000 0.001007 
454 0.013659 0.001261 0.000127 0.000000 0.001285 0.000168 0.000743 0.549187 0.016618 0.002356 0.000024 0.017371 0.002634 0.000287 0.000000 0.394305 0.000456 0.001948 0.012155 0.000000 0.000000 0.000337 
456 0.011045 0.000825 0.000562 0.000000 0.005515 0.002928 0.000413 0.322394 0.053781 0.067742 0.000091 0.047806 0.003374 0.000275 0.000000 0.230131 0.000248 0.009255 0.225273 0.000000 0.000000 0.030211 
459 0.010138 0.000785 0.000308 0.000000 0.002942 0.001887 0.001152 0.250678 0.065884 0.087768 0.000389 0.063356 0.003447 0.000506 0.000000 0.214404 0.000641 0.050296 0.218938 0.000000 0.000000 0.037403 
460 0.012881 0.001001 0.000167 0.000000 0.001026 0.000174 0.000229 0.459445 0.041294 0.000134 0.000389 0.022125 0.001728 0.000362 0.000000 0.317220 0.000151 0.000719 0.154745 0.000000 0.000000 0.000091 
464 0.011995 0.000893 0.000565 0.000000 0.005380 0.001696 0.000805 0.364864 0.067680 0.042958 0.000161 0.030024 0.000169 0.000027 0.000000 0.264932 0.000350 0.002814 0.215922 0.000000 0.000000 0.001652 
467 0.013431 0.001170 0.000205 0.000000 0.001474 0.000551 0.002298 0.508026 0.007327 0.004670 0.000005 0.010136 0.000544 0.000300 0.000000 0.403963 0.000553 0.000371 0.058324 0.000000 0.000000 0.001253 
468 0.010576 0.000801 0.000635 0.000000 0.001853 0.002157 0.000859 0.283548 0.069705 0.066559 0.000316 0.056333 0.003278 0.000169 0.000000 0.231711 0.000416 0.039911 0.207428 0.000000 0.000000 0.035122 
469 0.011444 0.000850 0.000333 0.000000 0.002910 0.002880 0.000245 0.333561 0.067962 0.051552 0.000189 0.036071 0.001953 0.000030 0.000000 0.259406 0.000099 0.010296 0.212810 0.000000 0.000000 0.019703 
472 0.010331 0.000791 0.000616 0.000000 0.002748 0.002262 0.001108 0.273351 0.059259 0.074667 0.000399 0.058952 0.003833 0.000462 0.000000 0.226570 0.000625 0.046398 0.209272 0.000000 0.000000 0.039478 
473 0.011834 0.000880 0.000248 0.000000 0.003135 0.000716 0.000394 0.347493 0.059018 0.046404 0.000187 0.045267 0.001007 0.000301 0.000000 0.265968 0.000519 0.006993 0.215710 0.000000 0.000000 0.006641 
476 0.011260 0.000838 0.000715 0.000000 0.007342 0.004059 0.000515 0.337460 0.071273 0.052842 0.000195 0.024645 0.000860 0.000072 0.000000 0.244107 0.000267 0.012523 0.220195 0.000000 0.000000 0.022931 
480 0.011278 0.000840 0.000540 0.000000 0.002621 0.000757 0.000623 0.336956 0.056140 0.064255 0.000056 0.051507 0.003598 0.000465 0.000000 0.225310 0.000255 0.005409 0.228152 0.000000 0.000000 0.023355 
483 0.010780 0.000810 0.000258 0.000000 0.001179 0.000997 0.000172 0.305082 0.049202 0.066470 0.000186 0.057277 0.002198 0.000556 0.000000 0.228094 0.000177 0.024689 0.228314 0.000000 0.000000 0.035149 
484 0.013442 0.001171 0.000454 0.000000 0.000538 0.001243 0.001788 0.506576 0.006222 0.000578 0.000235 0.026076 0.000905 0.000549 0.000000 0.392328 0.000824 0.000967 0.059904 0.000000 0.000000 0.000813 
489 0.013288 0.001116 0.000184 0.000000 0.001578 0.000070 0.000629 0.514491 0.020508 0.002661 0.000158 0.020092 0.002721 0.000433 0.000000 0.352067 0.000281 0.001876 0.082217 0.000000 0.000000 0.000035 
490 0.013003 0.001034 0.000279 0.000000 0.001650 0.000150 0.000425 0.488688 0.021264 0.001568 0.000446 0.018114 0.001888 0.000385 0.000000 0.326627 0.000227 0.001368 0.135644 0.000000 0.000000 0.001275 
491 0.013238 0.001100 0.000145 0.000000 0.001287 0.000075 0.000687 0.504827 0.010735 0.002589 0.000093 0.020251 0.002775 0.000437 0.000000 0.357568 0.000446 0.002420 0.095279 0.000000 0.000000 0.000388 
493 0.009885 0.000779 0.000298 0.000000 0.004536 0.002170 0.003721 0.268857 0.058026 0.075481 0.001550 0.068913 0.001546 0.000452 0.000000 0.200364 0.000743 0.055935 0.202109 0.000000 0.000000 0.055301 
494 0.010780 0.000810 0.000258 0.000000 0.001179 0.000997 0.000172 0.305082 0.049202 0.066470 0.000186 0.057277 0.002198 0.000556 0.000000 0.228094 0.000177 0.024689 0.228314 0.000000 0.000000 0.035149 
495 0.010025 0.000783 0.001006 0.000000 0.015409 0.006180 0.003942 0.250596 0.058603 0.101888 0.001010 0.058476 0.000525 0.000000 0.000000 0.218210 0.001058 0.028016 0.204546 0.000285 0.000000 0.050248 
496 0.012568 0.000952 0.000325 0.000000 0.001239 0.000159 0.001315 0.429195 0.039040 0.000264 0.000154 0.016126 0.000435 0.000118 0.000000 0.295706 0.000875 0.000963 0.213221 0.000000 0.000000 0.000865 
497 0.012261 0.000917 0.000169 0.000000 0.002809 0.001657 0.000780 0.416782 0.046436 0.018036 0.000136 0.032033 0.000122 0.000200 0.000000 0.257263 0.000220 0.003144 0.215625 0.000000 0.000000 0.004589 
498 0.013052 0.001046 0.000318 0.000000 0.001942 0.000145 0.000367 0.498314 0.031038 0.001638 0.000512 0.017952 0.001832 0.000381 0.000000 0.321088 0.000061 0.000824 0.122663 0.000000 0.000000 0.000924 
499 0.012795 0.000987 0.000231 0.000000 0.001064 0.000298 0.000637 0.470349 0.042682 0.000685 0.000418 0.020877 0.001440 0.000056 0.000000 0.291221 0.000910 0.001048 0.167601 0.000000 0.000000 0.000481 
502 0.013614 0.001256 0.000384 0.000000 0.001820 0.000264 0.001390 0.536169 0.024159 0.005548 0.000546 0.003239 0.000359 0.000860 0.000000 0.411790 0.000605 0.000233 0.012520 0.000000 0.000000 0.000112 
503 0.013537 0.001218 0.000310 0.000000 0.001716 0.000041 0.002181 0.553784 0.006214 0.005926 0.000020 0.006632 0.000488 0.000348 0.000000 0.383481 0.000335 0.000418 0.035730 0.000000 0.000000 0.002376 
504 0.009604 0.000773 0.000000 0.000000 0.014172 0.001944 0.006514 0.252020 0.054069 0.103393 0.001575 0.039211 0.011733 0.000452 0.000000 0.201960 0.000585 0.036674 0.213933 0.000207 0.000000 0.061559 
506 0.010296 0.000791 0.000262 0.000000 0.003075 0.000967 0.001655 0.247579 0.046730 0.082947 0.000140 0.091065 0.007250 0.000646 0.000000 0.220421 0.000541 0.033647 0.218892 0.000000 0.000000 0.044182 
509 0.012670 0.000966 0.000175 0.000000 0.000379 0.000670 0.001261 0.448840 0.040277 0.000481 0.000380 0.020651 0.000416 0.000018 0.000000 0.289298 0.001395 0.000144 0.194989 0.000000 0.000000 0.000627 
511 0.013192 0.001083 0.000342 0.000000 0.001731 0.000491 0.001132 0.493492 0.021909 0.000321 0.000573 0.024012 0.001203 0.000526 0.000000 0.349754 0.000175 0.000645 0.103259 0.000000 0.000000 0.000436 
514 0.013359 0.001138 0.000183 0.000000 0.000636 0.000334 0.000867 0.547706 0.010570 0.003145 0.000225 0.015393 0.000967 0.000240 0.000000 0.338548 0.000700 0.001405 0.078595 0.000000 0.000000 0.000486 
516 0.013673 0.001287 0.000340 0.000000 0.001247 0.000428 0.000656 0.668797 0.013509 0.004457 0.000263 0.015765 0.000051 0.000159 0.000000 0.269599 0.000200 0.001631 0.022131 0.000000 0.000000 0.000767 
517 0.013505 0.001196 0.000419 0.000000 0.000574 0.001434 0.002398 0.472495 0.002582 0.000373 0.000172 0.024327 0.000980 0.000625 0.000000 0.441865 0.000599 0.000594 0.050429 0.000000 0.000000 0.000132 
518 0.010576 0.000801 0.000635 0.000000 0.001853 0.002157 0.000859 0.283548 0.069705 0.066559 0.000316 0.056333 0.003278 0.000169 0.000000 0.231711 0.000416 0.039911 0.207428 0.000000 0.000000 0.035122 
519 0.013207 0.001090 0.000325 0.000000 0.002415 0.000757 0.001192 0.499004 0.009383 0.001028 0.000599 0.027964 0.001688 0.000791 0.000000 0.348498 0.000085 0.000906 0.104896 0.000000 0.000000 0.000469 
521 0.011464 0.000851 0.000331 0.000000 0.003049 0.003026 0.000250 0.339944 0.064970 0.051200 0.000194 0.035378 0.001962 0.000150 0.000000 0.256775 0.000111 0.010085 0.213139 0.000000 0.000000 0.019436 
522 0.013347 0.001134 0.000202 0.000000 0.001804 0.000538 0.001587 0.533302 0.011236 0.003572 0.000173 0.018118 0.000059 0.000540 0.000000 0.348735 0.000287 0.000277 0.078581 0.000000 0.000000 0.000988 
523 0.012014 0.000894 0.000621 0.000000 0.003686 0.002375 0.000820 0.374277 0.065430 0.036950 0.000108 0.025234 0.000313 0.000064 0.000000 0.265518 0.000362 0.003410 0.217627 0.000000 0.000000 0.003207 
524 0.010780 0.000810 0.000258 0.000000 0.001179 0.000997 0.000172 0.305082 0.049202 0.066470 0.000186 0.057277 0.002198 0.000556 0.000000 0.228094 0.000177 0.024689 0.228314 0.000000 0.000000 0.035149 
525 0.012014 0.000894 0.000621 0.000000 0.003686 0.002375 0.000820 0.374277 0.065430 0.036950 0.000108 0.025234 0.000313 0.000064 0.000000 0.265518 0.000362 0.003410 0.217627 0.000000 0.000000 0.003207 
527 0.010138 0.000785 0.000308 0.000000 0.002942 0.001887 0.001152 0.250678 0.065884 0.087768 0.000389 0.063356 0.003447 0.000506 0.000000 0.214404 0.000641 0.050296 0.218938 0.000000 0.000000 0.037403 
531 0.011677 0.000867 0.000345 0.000000 0.002248 0.001701 0.000142 0.375618 0.069720 0.044379 0.000142 0.033956 0.002633 0.000031 0.000000 0.234321 0.000397 0.006832 0.212995 0.000000 0.000000 0.014539 
535 0.012212 0.000912 0.000283 0.000000 0.004312 0.001536 0.000975 0.383935 0.066047 0.021485 0.000150 0.025917 0.000782 0.000109 0.000000 0.279561 0.000291 0.002326 0.209305 0.000000 0.000000 0.002985 
541 0.009520 0.000771 0.000000 0.000000 0.016077 0.001378 0.004699 0.245620 0.058641 0.114359 0.001937 0.038562 0.014072 0.000458 0.000000 0.192037 0.000593 0.035967 0.216384 0.000244 0.000000 0.058971 
542 0.010946 0.000819 0.000456 0.000000 0.002074 0.000938 0.000439 0.318720 0.050099 0.066239 0.000206 0.049207 0.001948 0.000513 0.000000 0.233029 0.000258 0.021151 0.224359 0.000000 0.000000 0.030365 
544 0.011072 0.000826 0.000218 0.000000 0.001057 0.000700 0.000227 0.336134 0.056437 0.056978 0.000188 0.048626 0.001624 0.000467 0.000000 0.229469 0.000427 0.023686 0.215099 0.000000 0.000000 0.028660 
545 0.012954 0.001021 0.000165 0.000000 0.001691 0.000277 0.000455 0.533910 0.024178 0.000425 0.000300 0.014916 0.000640 0.000452 0.000000 0.264344 0.000143 0.001128 0.156347 0.000000 0.000000 0.000630 
546 0.009879 0.000779 0.000465 0.000000 0.013969 0.006104 0.003887 0.275052 0.047789 0.083415 0.000944 0.042106 0.005205 0.000000 0.000000 0.217959 0.000394 0.030095 0.207423 0.000533 0.000000 0.064659 
550 0.009520 0.000771 0.000000 0.000000 0.016077 0.001378 0.004699 0.245620 0.058641 0.114359 0.001937 0.038562 0.014072 0.000458 0.000000 0.192037 0.000593 0.035967 0.216384 0.000244 0.000000 0.058971 
553 0.012889 0.001004 0.000001 0.000000 0.000380 0.000487 0.001382 0.475684 0.034122 0.000085 0.000324 0.019095 0.000648 0.000124 0.000000 0.307633 0.000733 0.001182 0.157493 0.000000 0.000000 0.000625 
554 0.013663 0.001278 0.000377 0.000000 0.001568 0.000324 0.001948 0.542729 0.010290 0.005942 0.000048 0.005526 0.000743 0.000497 0.000000 0.421543 0.000044 0.000523 0.005581 0.000000 0.000000 0.002317 
555 0.012629 0.000960 0.000361 0.000000 0.000714 0.000140 0.000746 0.438187 0.042880 0.000605 0.000392 0.021479 0.001210 0.000070 0.000000 0.293351 0.000978 0.001487 0.196844 0.000000 0.000000 0.000557 
556 0.011484 0.000853 0.000304 0.000000 0.001605 0.002355 0.000249 0.342338 0.060714 0.048716 0.000177 0.034267 0.002007 0.000385 0.000000 0.260589 0.000130 0.009224 0.216607 0.000000 0.000000 0.020335 
557 0.011821 0.000879 0.000498 0.000000 0.006059 0.001702 0.000227 0.366159 0.065149 0.042937 0.000150 0.028738 0.000690 0.000276 0.000000 0.261381 0.000305 0.008038 0.209454 0.000000 0.000000 0.008238 
558 0.011939 0.000888 0.000527 0.000000 0.004545 0.001782 0.000968 0.364413 0.066620 0.042446 0.000162 0.027732 0.000274 0.000088 0.000000 0.269046 0.000331 0.004075 0.212051 0.000000 0.000000 0.004942 
559 0.013021 0.001040 0.000390 0.000000 0.000933 0.000508 0.000729 0.494890 0.019690 0.003848 0.000392 0.015598 0.000451 0.000189 0.000000 0.326675 0.000677 0.001493 0.132805 0.000000 0.000000 0.000731 
560 0.013505 0.001196 0.000419 0.000000 0.000574 0.001434 0.002398 0.472495 0.002582 0.000373 0.000172 0.024327 0.000980 0.000625 0.000000 0.441865 0.000599 0.000594 0.050429 0.000000 0.000000 0.000132 
565 0.011211 0.000835 0.000508 0.000000 0.002799 0.001098 0.000562 0.341364 0.058186 0.060115 0.000066 0.049279 0.003778 0.000479 0.000000 0.219985 0.000253 0.009115 0.226519 0.000000 0.000000 0.025896 
571 0.012651 0.000963 0.000349 0.000000 0.001242 0.000096 0.000925 0.447592 0.038973 0.001076 0.000295 0.021709 0.001242 0.000127 0.000000 0.287238 0.000935 0.000965 0.196814 0.000000 0.000000 0.000423 
572 0.012261 0.000917 0.000169 0.000000 0.002809 0.001657 0.000780 0.416782 0.046436 0.018036 0.000136 0.032033 0.000122 0.000200 0.000000 0.257263 0.000220 0.003144 0.215625 0.000000 0.000000 0.004589 
573 0.012014 0.000894 0.000621 0.000000 0.003686 0.002375 0.000820 0.374277 0.065430 0.036950 0.000108 0.025234 0.000313 0.000064 0.000000 0.265518 0.000362 0.003410 0.217627 0.000000 0.000000 0.003207 
576 0.012801 0.000989 0.000343 0.000000 0.000729 0.000125 0.000071 0.460200 0.037914 0.000465 0.000380 0.021997 0.001268 0.000206 0.000000 0.306401 0.000898 0.001290 0.166890 0.000000 0.000000 0.000825 
577 0.013621 0.001237 0.000055 0.000000 0.000328 0.000087 0.002576 0.630668 0.019199 0.002214 0.000143 0.002490 0.000972 0.000104 0.000000 0.302959 0.000248 0.000017 0.037939 0.000000 0.000000 0.000001 
578 0.013231 0.001096 0.000389 0.000000 0.000777 0.000077 0.001198 0.527271 0.021586 0.000410 0.000485 0.029535 0.002069 0.000628 0.000000 0.315002 0.000122 0.000257 0.099679 0.000000 0.000000 0.000513 
579 0.010780 0.000810 0.000258 0.000000 0.001179 0.000997 0.000172 0.305082 0.049202 0.066470 0.000186 0.057277 0.002198 0.000556 0.000000 0.228094 0.000177 0.024689 0.228314 0.000000 0.000000 0.035149 
581 0.013277 0.001112 0.000172 0.000000 0.001656 0.000434 0.000061 0.500788 0.012220 0.004161 0.000215 0.012034 0.000830 0.000329 0.000000 0.377569 0.000400 0.001466 0.087021 0.000000 0.000000 0.000644 
583 0.013321 0.001126 0.000209 0.000000 0.001866 0.000556 0.001642 0.517224 0.011623 0.003695 0.000179 0.018742 0.000062 0.000558 0.000000 0.360749 0.000297 0.000286 0.081288 0.000000 0.000000 0.001022 
584 0.013177 0.001079 0.000199 0.000000 0.000286 0.001167 0.000478 0.561258 0.015172 0.001167 0.000052 0.001729 0.001524 0.000058 0.000000 0.297232 0.000352 0.001839 0.116606 0.000000 0.000000 0.000882 
586 0.013720 0.001376 0.000402 0.000000 0.001848 0.001323 0.002570 0.750668 0.024930 0.006336 0.000098 0.019885 0.001367 0.001048 0.000000 0.181104 0.000640 0.000191 0.007354 0.000000 0.000000 0.000235 
587 0.009098 0.000766 0.001555 0.000000 0.016172 0.007405 0.006099 0.214001 0.054414 0.119595 0.001267 0.043469 0.002162 0.000000 0.000000 0.206799 0.000713 0.037531 0.210934 0.000606 0.000000 0.077281 
588 0.012284 0.000919 0.000081 0.000000 0.003310 0.000936 0.000792 0.420466 0.049458 0.011201 0.000128 0.029518 0.000534 0.000187 0.000000 0.256675 0.000297 0.004554 0.217261 0.000000 0.000000 0.004604 
589 0.012226 0.000913 0.000091 0.000000 0.003867 0.001503 0.001038 0.387103 0.061387 0.025125 0.000061 0.029628 0.000944 0.000092 0.000000 0.277612 0.000326 0.002678 0.206113 0.000000 0.000000 0.002432 
590 0.010695 0.000807 0.000643 0.000000 0.002098 0.002215 0.001230 0.310372 0.064527 0.073991 0.000330 0.039837 0.002564 0.000173 0.000000 0.221198 0.000339 0.034516 0.216395 0.000000 0.000000 0.029570 
591 0.010880 0.000816 0.000273 0.000000 0.001537 0.001076 0.000207 0.303904 0.046948 0.063460 0.000268 0.045655 0.002210 0.000524 0.000000 0.249961 0.000171 0.021148 0.228603 0.000000 0.000000 0.034056 
592 0.012598 0.000956 0.000439 0.000000 0.000290 0.000863 0.000737 0.434155 0.040096 0.007534 0.000393 0.024130 0.000791 0.000085 0.000000 0.293015 0.000886 0.000188 0.195755 0.000000 0.000000 0.000642 
593 0.012048 0.000897 0.000630 0.000000 0.003605 0.002353 0.000852 0.382439 0.065722 0.035681 0.000098 0.025049 0.000291 0.000059 0.000000 0.261058 0.000248 0.003151 0.215779 0.000000 0.000000 0.002984 
596 0.013405 0.001155 0.000265 0.000000 0.000991 0.000280 0.001028 0.519829 0.013966 0.003493 0.000044 0.006993 0.000215 0.000320 0.000000 0.386143 0.000235 0.000511 0.064341 0.000000 0.000000 0.001347 
597 0.009558 0.000772 0.000000 0.000000 0.014674 0.001667 0.003727 0.237338 0.061168 0.112049 0.002297 0.033878 0.009515 0.000473 0.000000 0.203136 0.000442 0.034061 0.227467 0.000150 0.000000 0.057957 
600 0.011214 0.000834 0.000072 0.000000 0.003693 0.002939 0.000325 0.327728 0.059173 0.074727 0.000122 0.035327 0.001032 0.000104 0.000000 0.245322 0.000067 0.014024 0.215483 0.000000 0.000000 0.019862 
604 0.012894 0.001008 0.000302 0.000000 0.002020 0.000125 0.000495 0.492327 0.038108 0.000529 0.000500 0.028467 0.001482 0.000446 0.000000 0.281226 0.000047 0.001265 0.152247 0.000000 0.000000 0.000415 
605 0.013126 0.001066 0.000214 0.000000 0.000993 0.000322 0.000881 0.542917 0.012805 0.003141 0.000146 0.010241 0.001005 0.000213 0.000000 0.300867 0.000400 0.001586 0.123440 0.000000 0.000000 0.000829 
606 0.012629 0.000960 0.000361 0.000000 0.000714 0.000140 0.000746 0.438187 0.042880 0.000605 0.000392 0.021479 0.001210 0.000070 0.000000 0.293351 0.000978 0.001487 0.196844 0.000000 0.000000 0.000557 
607 0.012934 0.001017 0.000333 0.000000 0.002146 0.000137 0.000507 0.492045 0.039556 0.000744 0.000536 0.024045 0.001565 0.000400 0.000000 0.293710 0.000072 0.001037 0.142654 0.000000 0.000000 0.000512 
608 0.010576 0.000801 0.000635 0.000000 0.001853 0.002157 0.000859 0.283548 0.069705 0.066559 0.000316 0.056333 0.003278 0.000169 0.000000 0.231711 0.000416 0.039911 0.207428 0.000000 0.000000 0.035122 
611 0.013537 0.001218 0.000310 0.000000 0.001716 0.000041 0.002181 0.553784 0.006214 0.005926 0.000020 0.006632 0.000488 0.000348 0.000000 0.383481 0.000335 0.000418 0.035730 0.000000 0.000000 0.002376 
612 0.013431 0.001170 0.000205 0.000000 0.001474 0.000551 0.002298 0.508026 0.007327 0.004670 0.000005 0.010136 0.000544 0.000300 0.000000 0.403963 0.000553 0.000371 0.058324 0.000000 0.000000 0.001253 
613 0.009823 0.000778 0.001126 0.000000 0.021110 0.006742 0.004183 0.239269 0.069244 0.087408 0.000878 0.039070 0.004694 0.000000 0.000000 0.211760 0.000871 0.033011 0.227902 0.000505 0.000000 0.052228 
614 0.012430 0.000936 0.000049 0.000000 0.004470 0.001558 0.000066 0.455884 0.063025 0.010959 0.000154 0.026725 0.001314 0.000053 0.000000 0.229290 0.000336 0.003095 0.202760 0.000000 0.000000 0.000261 
618 0.012693 0.000969 0.000160 0.000000 0.000213 0.000541 0.001309 0.451449 0.041884 0.000602 0.000338 0.019507 0.000826 0.000123 0.000000 0.291221 0.001125 0.000419 0.189821 0.000000 0.000000 0.000462 
619 0.010908 0.000817 0.000477 0.000000 0.002588 0.000559 0.000490 0.315517 0.054298 0.063929 0.000205 0.049133 0.001891 0.000490 0.000000 0.229885 0.000227 0.024061 0.226127 0.000000 0.000000 0.030123 
620 0.010405 0.000794 0.000675 0.000000 0.002547 0.002245 0.000856 0.295841 0.058164 0.067738 0.000378 0.047839 0.004468 0.000440 0.000000 0.226744 0.000560 0.038608 0.208175 0.000000 0.000000 0.044721 
621 0.011890 0.000884 0.000599 0.000000 0.003781 0.002351 0.001070 0.381939 0.061093 0.037416 0.000039 0.027511 0.000861 0.000207 0.000000 0.256900 0.000386 0.004583 0.210944 0.000000 0.000000 0.010319 
622 0.012926 0.001011 0.000147 0.000000 0.001748 0.000235 0.000246 0.498292 0.031399 0.000395 0.000419 0.022935 0.001590 0.000394 0.000000 0.286347 0.000061 0.001023 0.154689 0.000000 0.000000 0.000082 
625 0.012702 0.000970 0.000424 0.000000 0.002277 0.000157 0.000484 0.459498 0.035965 0.001018 0.000429 0.019821 0.000476 0.000315 0.000000 0.287253 0.000367 0.000557 0.190277 0.000000 0.000000 0.000684 
626 0.013514 0.001207 0.000350 0.000000 0.001646 0.000062 0.001541 0.580610 0.016579 0.003847 0.000212 0.012639 0.000825 0.000430 0.000000 0.337148 0.000217 0.000463 0.041794 0.000000 0.000000 0.001638 
627 0.012559 0.000951 0.000313 0.000000 0.000939 0.000133 0.000875 0.419304 0.048361 0.000692 0.000300 0.019188 0.000911 0.000260 0.000000 0.301552 0.000853 0.001320 0.203900 0.000000 0.000000 0.001100 
632 0.013409 0.001161 0.000431 0.000000 0.001510 0.001234 0.001912 0.515966 0.020259 0.000412 0.000127 0.020326 0.000841 0.000385 0.000000 0.375228 0.000411 0.001402 0.058723 0.000000 0.000000 0.000831 
634 0.012454 0.000939 0.000976 0.000000 0.002745 0.000122 0.001014 0.414442 0.050410 0.017175 0.000216 0.033658 0.000196 0.000070 0.000000 0.279885 0.000551 0.000493 0.197722 0.000000 0.000000 0.000324 
636 0.011532 0.000856 0.000219 0.000000 0.001383 0.001989 0.000539 0.356829 0.059334 0.056805 0.000165 0.036602 0.001423 0.000395 0.000000 0.246127 0.000132 0.005952 0.213716 0.000000 0.000000 0.018391 
638 0.009964 0.000781 0.000525 0.000000 0.010831 0.005214 0.003068 0.248703 0.054303 0.107492 0.000849 0.036258 0.004406 0.000000 0.000000 0.228869 0.000286 0.019886 0.225614 0.000385 0.000000 0.053310 
642 0.010330 0.000791 0.000228 0.000000 0.003763 0.000936 0.001709 0.252417 0.049432 0.079772 0.000184 0.074612 0.005639 0.000418 0.000000 0.227420 0.000584 0.033848 0.226798 0.000000 0.000000 0.042241 
643 0.010468 0.000797 0.000586 0.000000 0.001146 0.001997 0.001012 0.278194 0.064135 0.070293 0.000278 0.070279 0.003841 0.000351 0.000000 0.224232 0.000333 0.041055 0.202510 0.000000 0.000000 0.039759 
644 0.011012 0.000823 0.000239 0.000000 0.002265 0.000967 0.000398 0.322744 0.059347 0.058740 0.000236 0.043296 0.001278 0.000457 0.000000 0.238393 0.000216 0.029932 0.215627 0.000000 0.000000 0.025868 
645 0.013696 0.001301 0.000147 0.000000 0.003205 0.000985 0.001447 0.453467 0.003034 0.000607 0.000193 0.022879 0.002492 0.000724 0.000000 0.506995 0.001166 0.000084 0.001707 0.000000 0.000000 0.000867 
647 0.013406 0.001160 0.000203 0.000000 0.001500 0.000094 0.000797 0.525706 0.011547 0.002730 0.000191 0.014716 0.001601 0.000424 0.000000 0.374942 0.000472 0.002694 0.061930 0.000000 0.000000 0.000455 
648 0.013187 0.001079 0.000175 0.000000 0.001870 0.000113 0.000253 0.525677 0.012964 0.001146 0.000425 0.018504 0.001658 0.000234 0.000000 0.322786 0.000061 0.001081 0.112141 0.000000 0.000000 0.000910 
649 0.010331 0.000791 0.000616 0.000000 0.002748 0.002262 0.001108 0.273351 0.059259 0.074667 0.000399 0.058952 0.003833 0.000462 0.000000 0.226570 0.000625 0.046398 0.209272 0.000000 0.000000 0.039478 
651 0.011520 0.000855 0.000265 0.000000 0.001872 0.002020 0.000432 0.355342 0.060351 0.049768 0.000167 0.034819 0.001844 0.000327 0.000000 0.250366 0.000077 0.006661 0.214932 0.000000 0.000000 0.020756 
652 0.013407 0.001147 0.000205 0.000000 0.001668 0.000548 0.001587 0.537979 0.003265 0.002231 0.000205 0.016469 0.000019 0.000419 0.000000 0.357162 0.000167 0.000433 0.077055 0.000000 0.000000 0.000587 
653 0.010780 0.000810 0.000258 0.000000 0.001179 0.000997 0.000172 0.305082 0.049202 0.066470 0.000186 0.057277 0.002198 0.000556 0.000000 0.228094 0.000177 0.024689 0.228314 0.000000 0.000000 0.035149 
654 0.013481 0.001186 0.000155 0.000000 0.001368 0.001161 0.000834 0.515540 0.001490 0.000440 0.000109 0.018259 0.002834 0.000015 0.000000 0.401908 0.000379 0.001638 0.051868 0.000000 0.000000 0.002001 
655 0.012382 0.000930 0.000185 0.000000 0.001539 0.000478 0.001493 0.443180 0.054075 0.007850 0.000251 0.008244 0.002229 0.000165 0.000000 0.255501 0.000473 0.001081 0.220776 0.000000 0.000000 0.002482 
656 0.009641 0.000773 0.001385 0.000000 0.009250 0.007036 0.003030 0.209370 0.058167 0.103420 0.001005 0.057487 0.001600 0.000000 0.000000 0.227810 0.000671 0.033654 0.226551 0.000397 0.000000 0.059165 
658 0.009954 0.000777 0.000346 0.000000 0.004500 0.002794 0.001108 0.242546 0.066993 0.095558 0.000311 0.061596 0.002213 0.000464 0.000000 0.214897 0.000650 0.046653 0.213401 0.000000 0.000000 0.045970 
663 0.013489 0.001192 0.000402 0.000000 0.000362 0.001412 0.002884 0.488471 0.003421 0.000425 0.000140 0.019792 0.000755 0.000839 0.000000 0.427396 0.000586 0.001052 0.051446 0.000000 0.000000 0.000617 
664 0.010646 0.000805 0.000697 0.000000 0.000773 0.002464 0.000331 0.285559 0.050587 0.070317 0.000112 0.055332 0.002556 0.000546 0.000000 0.243622 0.000380 0.023757 0.222680 0.000000 0.000000 0.040287 
665 0.011260 0.000838 0.000715 0.000000 0.007342 0.004059 0.000515 0.337460 0.071273 0.052842 0.000195 0.024645 0.000860 0.000072 0.000000 0.244107 0.000267 0.012523 0.220195 0.000000 0.000000 0.022931 
667 0.011087 0.000828 0.000524 0.000000 0.001830 0.001878 0.000481 0.324391 0.053029 0.056314 0.000207 0.049312 0.001219 0.000444 0.000000 0.238890 0.000263 0.015186 0.225110 0.000000 0.000000 0.030923 
669 0.011761 0.000872 0.000138 0.000000 0.002880 0.003100 0.000197 0.363898 0.070687 0.032359 0.000194 0.037897 0.001107 0.000029 0.000000 0.246804 0.000056 0.007943 0.219778 0.000000 0.000000 0.012933 
671 0.013317 0.001128 0.000128 0.000000 0.000293 0.000763 0.000605 0.489975 0.004302 0.000389 0.000117 0.000633 0.002544 0.000109 0.000000 0.411610 0.000388 0.001656 0.084685 0.000000 0.000000 0.001802 
672 0.011913 0.000886 0.000577 0.000000 0.003593 0.002767 0.000843 0.382055 0.063631 0.033620 0.000077 0.029217 0.000787 0.000069 0.000000 0.256194 0.000255 0.002775 0.212162 0.000000 0.000000 0.011376 
677 0.012693 0.000968 0.000187 0.000000 0.000127 0.000587 0.001092 0.452032 0.041540 0.000602 0.000361 0.019394 0.000814 0.000140 0.000000 0.290970 0.000933 0.000378 0.190260 0.000000 0.000000 0.000583 
679 0.009712 0.000775 0.001303 0.000000 0.013704 0.009750 0.003861 0.258997 0.058091 0.112310 0.001201 0.042432 0.001971 0.000000 0.000000 0.199319 0.000493 0.032985 0.206733 0.000496 0.000000 0.056354 
680 0.013325 0.001121 0.000320 0.000000 0.000555 0.000082 0.000849 0.515236 0.008963 0.000846 0.000585 0.023566 0.001707 0.000509 0.000000 0.357777 0.000184 0.000331 0.087916 0.000000 0.000000 0.000575 
681 0.012813 0.000990 0.000151 0.000000 0.001461 0.000231 0.000568 0.490344 0.045057 0.000305 0.000390 0.022907 0.001565 0.000406 0.000000 0.267840 0.000027 0.001308 0.167381 0.000000 0.000000 0.000057 
683 0.013106 0.001061 0.000325 0.000000 0.001920 0.000164 0.000433 0.504028 0.031631 0.001403 0.000474 0.015773 0.001807 0.000379 0.000000 0.326904 0.000063 0.000863 0.113075 0.000000 0.000000 0.000759 
684 0.010780 0.000810 0.000258 0.000000 0.001179 0.000997 0.000172 0.305082 0.049202 0.066470 0.000186 0.057277 0.002198 0.000556 0.000000 0.228094 0.000177 0.024689 0.228314 0.000000 0.000000 0.035149 
685 0.012014 0.000894 0.000621 0.000000 0.003686 0.002375 0.000820 0.374277 0.065430 0.036950 0.000108 0.025234 0.000313 0.000064 0.000000 0.265518 0.000362 0.003410 0.217627 0.000000 0.000000 0.003207 
689 0.010780 0.000810 0.000258 0.000000 0.001179 0.000997 0.000172 0.305082 0.049202 0.066470 0.000186 0.057277 0.002198 0.000556 0.000000 0.228094 0.000177 0.024689 0.228314 0.000000 0.000000 0.035149 
691 0.010780 0.000810 0.000258 0.000000 0.001179 0.000997 0.000172 0.305082 0.049202 0.066470 0.000186 0.057277 0.002198 0.000556 0.000000 0.228094 0.000177 0.024689 0.228314 0.000000 0.000000 0.035149 
697 0.013175 0.001076 0.000380 0.000000 0.000456 0.000135 0.001000 0.521188 0.018692 0.000555 0.000357 0.021070 0.001438 0.000406 0.000000 0.319196 0.000531 0.000455 0.113761 0.000000 0.000000 0.000381 
698 0.012393 0.000930 0.000071 0.000000 0.004383 0.001551 0.000070 0.432884 0.058349 0.013379 0.000155 0.022479 0.001437 0.000045 0.000000 0.259625 0.000339 0.002409 0.200697 0.000000 0.000000 0.002126 
705 0.013465 0.001185 0.000138 0.000000 0.001154 0.001140 0.001324 0.531460 0.002332 0.000492 0.000077 0.013728 0.002603 0.000231 0.000000 0.387491 0.000367 0.002095 0.052885 0.000000 0.000000 0.002483 
706 0.011778 0.000875 0.000499 0.000000 0.000811 0.001562 0.000859 0.373843 0.060311 0.032878 0.000156 0.040012 0.000057 0.000249 0.000000 0.239924 0.000255 0.000383 0.231909 0.000000 0.000000 0.016291 
709 0.010025 0.000783 0.001006 0.000000 0.015409 0.006180 0.003942 0.250596 0.058603 0.101888 0.001010 0.058476 0.000525 0.000000 0.000000 0.218210 0.001058 0.028016 0.204546 0.000285 0.000000 0.050248 
711 0.011629 0.000863 0.000092 0.000000 0.002880 0.003508 0.000200 0.363825 0.068476 0.030320 0.000171 0.041916 0.001598 0.000040 0.000000 0.242101 0.000067 0.007478 0.216030 0.000000 0.000000 0.021298 
712 0.009885 0.000779 0.000298 0.000000 0.004536 0.002170 0.003721 0.268857 0.058026 0.075481 0.001550 0.068913 0.001546 0.000452 0.000000 0.200364 0.000743 0.055935 0.202109 0.000000 0.000000 0.055301 
713 0.009406 0.000770 0.001283 0.000000 0.018700 0.007960 0.004452 0.181296 0.060028 0.123601 0.000939 0.059028 0.000459 0.000000 0.000000 0.226671 0.001018 0.038826 0.218132 0.000430 0.000000 0.057178 
714 0.011939 0.000888 0.000527 0.000000 0.004545 0.001782 0.000968 0.364413 0.066620 0.042446 0.000162 0.027732 0.000274 0.000088 0.000000 0.269046 0.000331 0.004075 0.212051 0.000000 0.000000 0.004942 
718 0.010112 0.000785 0.000023 0.000000 0.005296 0.003144 0.001740 0.252876 0.084816 0.072931 0.000428 0.046569 0.001802 0.000877 0.000000 0.226423 0.000525 0.042649 0.212186 0.000000 0.000000 0.047713 
719 0.012926 0.001011 0.000147 0.000000 0.001748 0.000235 0.000246 0.498292 0.031399 0.000395 0.000419 0.022935 0.001590 0.000394 0.000000 0.286347 0.000061 0.001023 0.154689 0.000000 0.000000 0.000082 
720 0.012934 0.001017 0.000333 0.000000 0.002146 0.000137 0.000507 0.492045 0.039556 0.000744 0.000536 0.024045 0.001565 0.000400 0.000000 0.293710 0.000072 0.001037 0.142654 0.000000 0.000000 0.000512 
721 0.011484 0.000853 0.000304 0.000000 0.001605 0.002355 0.000249 0.342338 0.060714 0.048716 0.000177 0.034267 0.002007 0.000385 0.000000 0.260589 0.000130 0.009224 0.216607 0.000000 0.000000 0.020335 
722 0.012905 0.001010 0.000334 0.000000 0.002677 0.000218 0.000649 0.475576 0.038918 0.001638 0.000316 0.024156 0.000708 0.000450 0.000000 0.305328 0.000318 0.001055 0.147591 0.000000 0.000000 0.000069 
723 0.010946 0.000819 0.000456 0.000000 0.002074 0.000938 0.000439 0.318720 0.050099 0.066239 0.000206 0.049207 0.001948 0.000513 0.000000 0.233029 0.000258 0.021151 0.224359 0.000000 0.000000 0.030365 
724 0.011986 0.000891 0.000170 0.000000 0.003845 0.001173 0.000678 0.377400 0.064829 0.031511 0.000131 0.033893 0.001003 0.000036 0.000000 0.264604 0.000271 0.006300 0.205906 0.000000 0.000000 0.008250 
725 0.012351 0.000926 0.000099 0.000000 0.003203 0.001419 0.001357 0.417864 0.051330 0.018661 0.000042 0.019017 0.000867 0.000075 0.000000 0.278480 0.000281 0.002485 0.201935 0.000000 0.000000 0.002886 
726 0.012257 0.000917 0.000410 0.000000 0.002304 0.001077 0.000755 0.410813 0.059829 0.018753 0.000105 0.033785 0.000460 0.000359 0.000000 0.252573 0.000324 0.002701 0.212891 0.000000 0.000000 0.002860 
728 0.012693 0.000969 0.000160 0.000000 0.000213 0.000541 0.001309 0.451449 0.041884 0.000602 0.000338 0.019507 0.000826 0.000123 0.000000 0.291221 0.001125 0.000419 0.189821 0.000000 0.000000 0.000462 
729 0.013235 0.001096 0.000314 0.000000 0.000252 0.000076 0.001146 0.521620 0.022359 0.000731 0.000540 0.022841 0.001633 0.000506 0.000000 0.328685 0.000145 0.000606 0.098013 0.000000 0.000000 0.000533 
731 0.012489 0.000943 0.000162 0.000000 0.001008 0.000901 0.001627 0.434571 0.037579 0.005184 0.000269 0.005576 0.002630 0.000242 0.000000 0.291766 0.000105 0.000959 0.214974 0.000000 0.000000 0.002447 
733 0.012014 0.000894 0.000621 0.000000 0.003686 0.002375 0.000820 0.374277 0.065430 0.036950 0.000108 0.025234 0.000313 0.000064 0.000000 0.265518 0.000362 0.003410 0.217627 0.000000 0.000000 0.003207 
734 0.013517 0.001201 0.000232 0.000000 0.001589 0.000124 0.000697 0.521536 0.010428 0.002190 0.000319 0.016901 0.001601 0.000438 0.000000 0.399711 0.000465 0.002145 0.041160 0.000000 0.000000 0.000467 
735 0.013089 0.001055 0.000312 0.000000 0.001641 0.000455 0.001223 0.498089 0.022802 0.000886 0.000443 0.021739 0.001210 0.000512 0.000000 0.326323 0.000186 0.001211 0.122545 0.000000 0.000000 0.000425 
736 0.013368 0.001147 0.000198 0.000000 0.000735 0.000329 0.000784 0.523003 0.017642 0.003907 0.000346 0.014153 0.001874 0.000307 0.000000 0.368395 0.000435 0.001564 0.065620 0.000000 0.000000 0.000709 
738 0.012467 0.000940 0.000294 0.000000 0.000716 0.000114 0.000884 0.417153 0.043875 0.001023 0.000272 0.017045 0.000988 0.000163 0.000000 0.288029 0.000940 0.001178 0.226304 0.000000 0.000000 0.001022 
742 0.012383 0.000930 0.000178 0.000000 0.001624 0.000465 0.001244 0.425648 0.055081 0.008216 0.000241 0.010542 0.002046 0.000438 0.000000 0.276907 0.000154 0.000971 0.212504 0.000000 0.000000 0.003742 
743 0.012014 0.000894 0.000621 0.000000 0.003686 0.002375 0.000820 0.374277 0.065430 0.036950 0.000108 0.025234 0.000313 0.000064 0.000000 0.265518 0.000362 0.003410 0.217627 0.000000 0.000000 0.003207 
745 0.013357 0.001143 0.000074 0.000000 0.000622 0.000290 0.001684 0.523831 0.009354 0.003549 0.000183 0.016139 0.000185 0.000579 0.000000 0.367536 0.000436 0.000015 0.073215 0.000000 0.000000 0.002307 
747 0.011444 0.000850 0.000333 0.000000 0.002910 0.002880 0.000245 0.333561 0.067962 0.051552 0.000189 0.036071 0.001953 0.000030 0.000000 0.259406 0.000099 0.010296 0.212810 0.000000 0.000000 0.019703 
748 0.011625 0.000862 0.000301 0.000000 0.002077 0.001673 0.000755 0.355654 0.060420 0.037099 0.000138 0.037233 0.000002 0.000273 0.000000 0.246275 0.000073 0.003919 0.235800 0.000000 0.000000 0.018309 
749 0.013696 0.001301 0.000147 0.000000 0.003205 0.000985 0.001447 0.453467 0.003034 0.000607 0.000193 0.022879 0.002492 0.000724 0.000000 0.506995 0.001166 0.000084 0.001707 0.000000 0.000000 0.000867 
751 0.009704 0.000775 0.001339 0.000000 0.003614 0.001554 0.004707 0.262715 0.058534 0.090902 0.000728 0.050992 0.004187 0.000979 0.000000 0.188554 0.000962 0.056251 0.222625 0.000000 0.000000 0.051357 
753 0.012860 0.001001 0.000411 0.000000 0.003083 0.000168 0.000536 0.480024 0.040102 0.001228 0.000559 0.023449 0.000563 0.000460 0.000000 0.292058 0.000257 0.000081 0.156357 0.000000 0.000000 0.000665 
755 0.012141 0.000906 0.000309 0.000000 0.002222 0.001692 0.000701 0.398465 0.057865 0.019280 0.000197 0.022140 0.000409 0.000088 0.000000 0.251322 0.000267 0.001904 0.240530 0.000000 0.000000 0.002609 
756 0.011459 0.000850 0.000184 0.000000 0.004507 0.003317 0.000262 0.346870 0.069668 0.044763 0.000179 0.042256 0.001495 0.000139 0.000000 0.238794 0.000051 0.007603 0.218012 0.000000 0.000000 0.021899 
757 0.013544 0.001221 0.000169 0.000000 0.001624 0.001298 0.001527 0.532014 0.002627 0.000416 0.000103 0.018636 0.003114 0.000224 0.000000 0.399578 0.000242 0.002362 0.033318 0.000000 0.000000 0.002748 
758 0.012218 0.000913 0.000357 0.000000 0.002708 0.001492 0.000791 0.415827 0.047033 0.021798 0.000002 0.033054 0.000149 0.000215 0.000000 0.253143 0.000200 0.001283 0.215875 0.000000 0.000000 0.006073 
761 0.011133 0.000829 0.000210 0.000000 0.002907 0.001027 0.000357 0.325463 0.058711 0.056967 0.000237 0.046118 0.001309 0.000391 0.000000 0.240595 0.000244 0.022526 0.218025 0.000000 0.000000 0.024912 
762 0.013052 0.001046 0.000318 0.000000 0.001942 0.000145 0.000367 0.498314 0.031038 0.001638 0.000512 0.017952 0.001832 0.000381 0.000000 0.321088 0.000061 0.000824 0.122663 0.000000 0.000000 0.000924 
765 0.012992 0.001033 0.000063 0.000000 0.000113 0.000606 0.000854 0.458995 0.042865 0.002152 0.000298 0.016436 0.000915 0.000327 0.000000 0.348016 0.000662 0.000588 0.126586 0.000000 0.000000 0.000523 
767 0.013607 0.001248 0.000246 0.000000 0.001040 0.000416 0.000968 0.627169 0.006843 0.002034 0.000360 0.013508 0.000192 0.000080 0.000000 0.309825 0.000255 0.002081 0.032705 0.000000 0.000000 0.002276 
768 0.011677 0.000867 0.000345 0.000000 0.002248 0.001701 0.000142 0.375618 0.069720 0.044379 0.000142 0.033956 0.002633 0.000031 0.000000 0.234321 0.000397 0.006832 0.212995 0.000000 0.000000 0.014539 
770 0.013010 0.001036 0.000326 0.000000 0.001922 0.000136 0.000415 0.497839 0.032028 0.001562 0.000562 0.018334 0.001739 0.000421 0.000000 0.312104 0.000090 0.000832 0.130880 0.000000 0.000000 0.000810 
771 0.010707 0.000807 0.000762 0.000000 0.000421 0.002309 0.000326 0.294611 0.057428 0.069500 0.000131 0.053452 0.001997 0.000561 0.000000 0.235297 0.000352 0.023440 0.221926 0.000000 0.000000 0.037488 
774 0.013450 0.001177 0.000406 0.000000 0.002279 0.000347 0.001360 0.574057 0.017342 0.003317 0.000080 0.015363 0.001024 0.000204 0.000000 0.326235 0.000233 0.000158 0.056203 0.000000 0.000000 0.001393 
777 0.013696 0.001301 0.000147 0.000000 0.003205 0.000985 0.001447 0.453467 0.003034 0.000607 0.000193 0.022879 0.002492 0.000724 0.000000 0.506995 0.001166 0.000084 0.001707 0.000000 0.000000 0.000867 
780 0.012584 0.000954 0.000349 0.000000 0.001131 0.000153 0.000700 0.434979 0.043504 0.000564 0.000393 0.021887 0.001166 0.000063 0.000000 0.287237 0.001001 0.001460 0.204808 0.000000 0.000000 0.000606 
782 0.012598 0.000956 0.000439 0.000000 0.000290 0.000863 0.000737 0.434155 0.040096 0.007534 0.000393 0.024130 0.000791 0.000085 0.000000 0.293015 0.000886 0.000188 0.195755 0.000000 0.000000 0.000642 
784 0.012797 0.000987 0.000330 0.000000 0.003675 0.000345 0.000805 0.463418 0.040161 0.001451 0.000528 0.017300 0.000559 0.000232 0.000000 0.303201 0.000040 0.000335 0.166732 0.000000 0.000000 0.000887 
785 0.013617 0.001253 0.000306 0.000000 0.001228 0.000618 0.001143 0.518938 0.012287 0.003579 0.000091 0.006327 0.000718 0.000450 0.000000 0.434734 0.000320 0.000804 0.016659 0.000000 0.000000 0.001797 
786 0.013108 0.001061 0.000111 0.000000 0.000325 0.000872 0.000750 0.564305 0.015581 0.001423 0.000045 0.004076 0.001234 0.000030 0.000000 0.277329 0.000350 0.001731 0.130787 0.000000 0.000000 0.001052 
787 0.013505 0.001196 0.000419 0.000000 0.000574 0.001434 0.002398 0.472495 0.002582 0.000373 0.000172 0.024327 0.000980 0.000625 0.000000 0.441865 0.000599 0.000594 0.050429 0.000000 0.000000 0.000132 
789 0.011228 0.000836 0.000159 0.000000 0.002326 0.001108 0.000457 0.351336 0.053597 0.054445 0.000219 0.032597 0.002507 0.000417 0.000000 0.239049 0.000184 0.009517 0.221940 0.000000 0.000000 0.030144 
790 0.013192 0.001083 0.000342 0.000000 0.001731 0.000491 0.001132 0.493492 0.021909 0.000321 0.000573 0.024012 0.001203 0.000526 0.000000 0.349754 0.000175 0.000645 0.103259 0.000000 0.000000 0.000436 
791 0.012352 0.000927 0.000056 0.000000 0.003345 0.001748 0.001086 0.396938 0.061364 0.014432 0.000042 0.028791 0.000558 0.000195 0.000000 0.287057 0.000301 0.003300 0.198185 0.000000 0.000000 0.002603 
796 0.013696 0.001301 0.000147 0.000000 0.003205 0.000985 0.001447 0.453467 0.003034 0.000607 0.000193 0.022879 0.002492 0.000724 0.000000 0.506995 0.001166 0.000084 0.001707 0.000000 0.000000 0.000867 
797 0.010701 0.000807 0.000511 0.000000 0.003923 0.002516 0.000000 0.327133 0.045174 0.067314 0.000085 0.034463 0.002430 0.000498 0.000000 0.228187 0.000326 0.025145 0.222700 0.000078 0.000000 0.039516 
