1 0.012928 0.001009 0.000043 0.000000 0.000096 0.000677 0.000088 0.468505 0.032150 0.000953 0.000581 0.025575 0.000238 0.000294 0.000000 0.316664 0.000253 0.000488 0.153219 0.000000 0.000000 0.000177 
2 0.009220 0.000767 0.002197 0.000000 0.016936 0.008000 0.001093 0.201749 0.068770 0.093947 0.001250 0.071573 0.009189 0.000000 0.000000 0.217919 0.001177 0.049721 0.188706 0.005833 0.000000 0.061942 
8 0.011138 0.000832 0.000236 0.000000 0.005424 0.000954 0.001232 0.337921 0.055528 0.053667 0.000597 0.024706 0.000925 0.000000 0.000000 0.252715 0.000953 0.020279 0.218073 0.000502 0.000000 0.026287 
12 0.009888 0.000776 0.000185 0.000000 0.017026 0.001506 0.001102 0.260884 0.033862 0.084856 0.000487 0.054489 0.003266 0.000000 0.000000 0.221340 0.000255 0.054869 0.219216 0.002917 0.000000 0.043740 
16 0.012061 0.000899 0.000327 0.000000 0.005218 0.002030 0.000263 0.393645 0.064657 0.024002 0.000485 0.014624 0.000444 0.000000 0.000000 0.263599 0.000213 0.006633 0.219945 0.000269 0.000000 0.003644 
20 0.012898 0.001003 0.000072 0.000000 0.000109 0.000373 0.000073 0.467876 0.032030 0.000912 0.000555 0.023800 0.000245 0.000294 0.000000 0.312970 0.000361 0.000487 0.159692 0.000000 0.000000 0.000150 
21 0.011409 0.000850 0.000000 0.000000 0.003587 0.001238 0.000426 0.341880 0.078804 0.028207 0.000357 0.035836 0.001500 0.000083 0.000000 0.238440 0.000040 0.021510 0.230015 0.000618 0.000000 0.017457 
26 0.009978 0.000781 0.001523 0.000000 0.013021 0.007826 0.001186 0.250999 0.044732 0.094625 0.000859 0.068467 0.005936 0.000000 0.000000 0.213596 0.000799 0.036364 0.214921 0.003313 0.000000 0.041832 
29 0.010768 0.000812 0.001398 0.000000 0.003033 0.000778 0.000273 0.336812 0.071902 0.048414 0.000214 0.030752 0.000145 0.000000 0.000000 0.204066 0.000120 0.028977 0.239554 0.001049 0.000000 0.032511 
30 0.011257 0.000841 0.000080 0.000000 0.004122 0.001395 0.000414 0.320936 0.080350 0.034264 0.000199 0.032956 0.002957 0.000106 0.000000 0.244056 0.000000 0.021820 0.236414 0.000601 0.000000 0.019330 
32 0.012956 0.001015 0.000207 0.000000 0.000293 0.000272 0.000124 0.494881 0.021123 0.000757 0.000104 0.019466 0.000329 0.000301 0.000000 0.302439 0.000477 0.000811 0.158307 0.000000 0.000000 0.000107 
33 0.010885 0.000819 0.000229 0.000000 0.004862 0.002005 0.001366 0.317073 0.068759 0.053998 0.000685 0.026290 0.001473 0.000000 0.000000 0.237988 0.001073 0.027967 0.228239 0.000840 0.000000 0.027153 
34 0.012813 0.000987 0.000182 0.000000 0.001040 0.000943 0.000042 0.469305 0.035277 0.000851 0.000525 0.022040 0.000270 0.000300 0.000000 0.294979 0.000512 0.000493 0.173220 0.000000 0.000000 0.000022 
35 0.012377 0.000928 0.000272 0.000000 0.000247 0.002651 0.000262 0.426296 0.061856 0.001448 0.000119 0.008508 0.000785 0.000000 0.000000 0.269238 0.000417 0.002772 0.222864 0.000248 0.000000 0.002016 
36 0.012690 0.000967 0.000063 0.000000 0.001054 0.001266 0.000095 0.459913 0.049873 0.001320 0.000975 0.016548 0.000085 0.000169 0.000000 0.281275 0.000535 0.000388 0.186397 0.000000 0.000000 0.000043 
37 0.010472 0.000798 0.000247 0.000000 0.008391 0.001694 0.001990 0.303826 0.063343 0.068374 0.001069 0.024341 0.001274 0.000000 0.000000 0.229667 0.001168 0.032558 0.222621 0.000962 0.000000 0.038473 
38 0.011720 0.000871 0.000296 0.000000 0.002336 0.001358 0.000345 0.378364 0.062437 0.025260 0.000375 0.026933 0.001166 0.000000 0.000000 0.244025 0.000399 0.006085 0.233417 0.000377 0.000000 0.016826 
47 0.012562 0.000949 0.000029 0.000000 0.001434 0.001365 0.000116 0.439110 0.057917 0.001626 0.000945 0.020013 0.000268 0.000327 0.000000 0.272660 0.000463 0.000295 0.203325 0.000000 0.000000 0.000110 
54 0.013403 0.001140 0.000093 0.000000 0.000058 0.000222 0.000160 0.517689 0.013887 0.001158 0.000172 0.026681 0.000307 0.000035 0.000000 0.363532 0.000489 0.000434 0.074946 0.000000 0.000000 0.000136 
55 0.013038 0.001035 0.000235 0.000000 0.000389 0.000201 0.000007 0.494301 0.019936 0.000953 0.000190 0.009948 0.000302 0.000402 0.000000 0.330253 0.000505 0.000744 0.141478 0.000000 0.000000 0.000154 
60 0.010314 0.000791 0.000486 0.000000 0.005226 0.005326 0.001079 0.300394 0.064886 0.094269 0.000613 0.037399 0.004031 0.000000 0.000000 0.206294 0.000457 0.021126 0.212047 0.000162 0.000000 0.046206 
64 0.009622 0.000771 0.001214 0.000000 0.009322 0.003205 0.000754 0.247214 0.053962 0.086505 0.003506 0.050893 0.002228 0.000000 0.000000 0.203232 0.000398 0.056355 0.229458 0.001943 0.000000 0.049811 
65 0.011498 0.000857 0.000664 0.000000 0.002153 0.003927 0.000396 0.368496 0.064214 0.020159 0.000343 0.029932 0.003534 0.000000 0.000000 0.239951 0.000057 0.014374 0.228019 0.000512 0.000000 0.023268 
67 0.011452 0.000850 0.000423 0.000000 0.006461 0.001626 0.000289 0.362310 0.062300 0.036989 0.000115 0.037531 0.001452 0.000000 0.000000 0.236682 0.000089 0.015081 0.216660 0.000419 0.000000 0.021573 
69 0.012606 0.000954 0.000061 0.000000 0.001130 0.001399 0.000117 0.447677 0.051902 0.001627 0.000934 0.016925 0.000264 0.000133 0.000000 0.276402 0.000470 0.000384 0.200528 0.000000 0.000000 0.000047 
71 0.012475 0.000938 0.000329 0.000000 0.000312 0.001116 0.000195 0.435035 0.052345 0.001512 0.000417 0.008846 0.000529 0.000063 0.000000 0.278520 0.000467 0.001223 0.216990 0.000000 0.000000 0.002103 
76 0.011526 0.000857 0.000724 0.000000 0.004012 0.003503 0.000204 0.370633 0.061192 0.031948 0.000218 0.022805 0.003429 0.000000 0.000000 0.245886 0.000164 0.005823 0.225229 0.000312 0.000000 0.023917 
77 0.011616 0.000864 0.000266 0.000000 0.003810 0.003383 0.000068 0.377788 0.064460 0.022460 0.000218 0.020164 0.004085 0.000000 0.000000 0.244382 0.000174 0.003595 0.231474 0.000316 0.000000 0.023358 
79 0.011658 0.000868 0.000560 0.000000 0.003065 0.004064 0.000046 0.383287 0.064973 0.022874 0.000099 0.020461 0.005699 0.000000 0.000000 0.241098 0.000293 0.003171 0.228470 0.000292 0.000000 0.021549 
80 0.012369 0.000927 0.000124 0.000000 0.001303 0.001616 0.000000 0.421389 0.053803 0.011846 0.000876 0.028333 0.000448 0.000106 0.000000 0.260170 0.000318 0.003057 0.215884 0.000089 0.000000 0.000640 
82 0.013732 0.001273 0.000027 0.000000 0.000365 0.000601 0.000132 0.569827 0.009915 0.000582 0.000316 0.032299 0.000434 0.000159 0.000000 0.369651 0.000554 0.000236 0.014742 0.000000 0.000000 0.000160 
85 0.012161 0.000908 0.000402 0.000000 0.000827 0.003419 0.000079 0.409473 0.058842 0.006484 0.000238 0.010920 0.000880 0.000000 0.000000 0.273163 0.000298 0.002369 0.221878 0.000121 0.000000 0.010606 
86 0.010640 0.000805 0.000117 0.000000 0.002889 0.005581 0.000928 0.301098 0.063277 0.086522 0.000776 0.047515 0.003561 0.000000 0.000000 0.211107 0.000678 0.018843 0.223795 0.000375 0.000000 0.032938 
87 0.012475 0.000938 0.000329 0.000000 0.000312 0.001116 0.000195 0.435035 0.052345 0.001512 0.000417 0.008846 0.000529 0.000063 0.000000 0.278520 0.000467 0.001223 0.216990 0.000000 0.000000 0.002103 
89 0.011341 0.000845 0.000000 0.000000 0.003403 0.000874 0.000035 0.343522 0.062054 0.039769 0.001111 0.035839 0.001713 0.000038 0.000000 0.257398 0.000206 0.014320 0.212279 0.000601 0.000000 0.026838 
91 0.013318 0.001110 0.000312 0.000000 0.000671 0.000188 0.000123 0.509600 0.004520 0.001415 0.000004 0.020647 0.000330 0.000189 0.000000 0.363793 0.000473 0.000251 0.097450 0.000000 0.000000 0.000034 
94 0.012756 0.000978 0.000131 0.000000 0.001039 0.001081 0.000049 0.462056 0.041316 0.001045 0.000411 0.030329 0.000266 0.000290 0.000000 0.281609 0.000587 0.000574 0.179194 0.000000 0.000000 0.000022 
100 0.010374 0.000794 0.000414 0.000000 0.005743 0.005360 0.001090 0.297834 0.063776 0.086581 0.000613 0.046950 0.004015 0.000000 0.000000 0.209102 0.000594 0.020012 0.210733 0.000356 0.000000 0.046827 
101 0.013560 0.001197 0.000071 0.000000 0.000087 0.000272 0.000138 0.527298 0.003122 0.001505 0.000181 0.020576 0.000242 0.000124 0.000000 0.394943 0.000526 0.000454 0.050319 0.000000 0.000000 0.000142 
102 0.011700 0.000868 0.000320 0.000000 0.001808 0.002160 0.000199 0.382569 0.061676 0.037347 0.000518 0.013872 0.000505 0.000000 0.000000 0.259130 0.000163 0.005290 0.215823 0.000219 0.000000 0.018402 
103 0.013045 0.001037 0.000233 0.000000 0.000401 0.000115 0.000000 0.492462 0.029641 0.000682 0.000203 0.005709 0.000303 0.000318 0.000000 0.334196 0.000508 0.000662 0.134398 0.000009 0.000000 0.000158 
106 0.011020 0.000826 0.000214 0.000000 0.004049 0.001127 0.000924 0.338889 0.056891 0.050967 0.000518 0.018648 0.001321 0.000000 0.000000 0.249723 0.000507 0.032995 0.216948 0.000497 0.000000 0.025783 
110 0.009838 0.000773 0.000229 0.000000 0.017398 0.000468 0.000798 0.224387 0.047811 0.082612 0.000602 0.073488 0.001711 0.000000 0.000000 0.236187 0.000256 0.036345 0.218849 0.002904 0.000000 0.055954 
111 0.011809 0.000877 0.000272 0.000000 0.000457 0.002566 0.000267 0.397840 0.059072 0.026848 0.000332 0.020949 0.001687 0.000000 0.000000 0.246257 0.000248 0.006712 0.219935 0.000164 0.000000 0.016392 
112 0.009220 0.000767 0.002197 0.000000 0.016936 0.008000 0.001093 0.201749 0.068770 0.093947 0.001250 0.071573 0.009189 0.000000 0.000000 0.217919 0.001177 0.049721 0.188706 0.005833 0.000000 0.061942 
113 0.008740 0.000763 0.001126 0.000000 0.009415 0.008561 0.001242 0.219639 0.052161 0.101641 0.006391 0.040178 0.005668 0.000000 0.000000 0.173739 0.000710 0.070142 0.238943 0.002993 0.000000 0.067452 
114 0.008747 0.000761 0.001036 0.000000 0.011176 0.006150 0.001173 0.206709 0.058303 0.097584 0.004739 0.044305 0.008529 0.000000 0.000000 0.180967 0.000505 0.077253 0.233563 0.002958 0.000000 0.065051 
115 0.013696 0.001261 0.000205 0.000000 0.000352 0.000688 0.000127 0.570820 0.014231 0.000556 0.000224 0.035053 0.000472 0.000116 0.000000 0.357529 0.000535 0.000377 0.018565 0.000000 0.000000 0.000150 
117 0.010768 0.000812 0.001398 0.000000 0.003033 0.000778 0.000273 0.336812 0.071902 0.048414 0.000214 0.030752 0.000145 0.000000 0.000000 0.204066 0.000120 0.028977 0.239554 0.001049 0.000000 0.032511 
118 0.013523 0.001182 0.000148 0.000000 0.000215 0.000109 0.000082 0.535006 0.004695 0.001282 0.000170 0.033774 0.000355 0.000145 0.000000 0.365520 0.000333 0.000552 0.057535 0.000000 0.000000 0.000079 
119 0.009379 0.000769 0.001026 0.000000 0.010626 0.004649 0.001109 0.267207 0.044765 0.092325 0.006300 0.035798 0.004791 0.000000 0.000000 0.193363 0.000646 0.057507 0.218847 0.002178 0.000000 0.058862 
128 0.013786 0.001294 0.000045 0.000000 0.000348 0.000000 0.000101 0.556052 0.003800 0.001329 0.000157 0.033982 0.000351 0.000126 0.000000 0.396569 0.000406 0.000460 0.006112 0.000042 0.000000 0.000118 
129 0.010687 0.000807 0.001564 0.000000 0.005080 0.005893 0.000732 0.308566 0.056336 0.081447 0.000364 0.043424 0.002041 0.000000 0.000000 0.215297 0.000508 0.018822 0.226690 0.000050 0.000000 0.033187 
130 0.011126 0.000832 0.000726 0.000000 0.002680 0.004026 0.000338 0.350408 0.061320 0.033728 0.000414 0.027087 0.003664 0.000000 0.000000 0.235469 0.000103 0.022274 0.227033 0.000695 0.000000 0.030037 
131 0.012928 0.001009 0.000043 0.000000 0.000096 0.000677 0.000088 0.468505 0.032150 0.000953 0.000581 0.025575 0.000238 0.000294 0.000000 0.316664 0.000253 0.000488 0.153219 0.000000 0.000000 0.000177 
132 0.010294 0.000790 0.000166 0.000000 0.018646 0.002641 0.000992 0.259832 0.034561 0.079912 0.000592 0.072548 0.003637 0.000000 0.000000 0.233766 0.000251 0.034605 0.215303 0.002304 0.000000 0.040246 
133 0.008914 0.000764 0.003017 0.000000 0.008951 0.008128 0.001195 0.249943 0.051726 0.086069 0.005977 0.043310 0.006199 0.000000 0.000000 0.169420 0.000717 0.060133 0.230284 0.004060 0.000000 0.070872 
136 0.012922 0.001008 0.000061 0.000000 0.001081 0.000383 0.000197 0.474240 0.019747 0.000772 0.000607 0.019744 0.000114 0.000154 0.000000 0.318497 0.000493 0.000426 0.163259 0.000000 0.000000 0.000224 
139 0.010883 0.000817 0.000090 0.000000 0.003673 0.001106 0.000366 0.328227 0.069644 0.056072 0.001231 0.030568 0.003183 0.000000 0.000000 0.220118 0.000293 0.019199 0.234434 0.000895 0.000000 0.030900 
141 0.011679 0.000868 0.000104 0.000000 0.000595 0.002284 0.000336 0.389945 0.055585 0.029399 0.000302 0.027613 0.001725 0.000000 0.000000 0.243942 0.000262 0.009018 0.217631 0.000168 0.000000 0.021091 
142 0.011838 0.000881 0.000483 0.000000 0.000802 0.002292 0.000116 0.389599 0.063069 0.021422 0.000337 0.027859 0.000438 0.000000 0.000000 0.243904 0.000224 0.012467 0.225773 0.000545 0.000000 0.010669 
143 0.010567 0.000802 0.000549 0.000000 0.002678 0.005718 0.001017 0.294610 0.065939 0.093402 0.000519 0.042404 0.003249 0.000000 0.000000 0.218835 0.000794 0.016580 0.217126 0.000149 0.000000 0.036430 
144 0.012475 0.000938 0.000329 0.000000 0.000312 0.001116 0.000195 0.435035 0.052345 0.001512 0.000417 0.008846 0.000529 0.000063 0.000000 0.278520 0.000467 0.001223 0.216990 0.000000 0.000000 0.002103 
145 0.013221 0.001081 0.000156 0.000000 0.000079 0.000921 0.000087 0.500735 0.022775 0.000560 0.000185 0.020290 0.000248 0.000075 0.000000 0.347734 0.000125 0.000706 0.105197 0.000000 0.000000 0.000127 
146 0.010303 0.000791 0.001458 0.000000 0.012335 0.003135 0.001570 0.288084 0.067276 0.060629 0.000636 0.040596 0.003578 0.000000 0.000000 0.217134 0.000300 0.030885 0.224420 0.000947 0.000000 0.047016 
148 0.013469 0.001163 0.000100 0.000000 0.000023 0.000373 0.000126 0.523310 0.006931 0.001772 0.000232 0.030310 0.000263 0.000118 0.000000 0.370090 0.000446 0.000000 0.065727 0.000045 0.000000 0.000135 
154 0.012092 0.000902 0.000377 0.000000 0.005547 0.002180 0.000267 0.397382 0.054263 0.026873 0.000484 0.014758 0.000746 0.000000 0.000000 0.266024 0.000142 0.006388 0.222069 0.000278 0.000000 0.002223 
157 0.010768 0.000812 0.001398 0.000000 0.003033 0.000778 0.000273 0.336812 0.071902 0.048414 0.000214 0.030752 0.000145 0.000000 0.000000 0.204066 0.000120 0.028977 0.239554 0.001049 0.000000 0.032511 
158 0.012179 0.000910 0.000323 0.000000 0.001353 0.003341 0.000270 0.406770 0.051638 0.008353 0.000045 0.010524 0.001582 0.000044 0.000000 0.274416 0.000177 0.005858 0.228832 0.000000 0.000000 0.006473 
159 0.013497 0.001173 0.000095 0.000000 0.000022 0.000356 0.000120 0.544543 0.006622 0.001693 0.000221 0.028960 0.000252 0.000113 0.000000 0.353605 0.000426 0.000000 0.062799 0.000043 0.000000 0.000129 
162 0.013398 0.001137 0.000080 0.000000 0.000202 0.000699 0.000035 0.539613 0.009648 0.000197 0.000287 0.018699 0.000161 0.000168 0.000000 0.347839 0.000313 0.001187 0.080781 0.000000 0.000000 0.000091 
166 0.013780 0.001303 0.000437 0.000000 0.000002 0.001162 0.000195 0.581988 0.001788 0.001107 0.000726 0.039853 0.000789 0.000000 0.000000 0.364394 0.000907 0.000058 0.006334 0.000023 0.000000 0.000237 
167 0.013099 0.001050 0.000051 0.000000 0.000755 0.000959 0.000181 0.517326 0.010967 0.000996 0.000080 0.017500 0.000297 0.000307 0.000000 0.312989 0.000278 0.001437 0.135681 0.000000 0.000000 0.000196 
168 0.013223 0.001081 0.000157 0.000000 0.000059 0.000892 0.000103 0.502398 0.022082 0.000146 0.000175 0.020372 0.000247 0.000081 0.000000 0.346056 0.000042 0.000711 0.106354 0.000000 0.000000 0.000128 
169 0.009379 0.000769 0.001026 0.000000 0.010626 0.004649 0.001109 0.267207 0.044765 0.092325 0.006300 0.035798 0.004791 0.000000 0.000000 0.193363 0.000646 0.057507 0.218847 0.002178 0.000000 0.058862 
170 0.013245 0.001089 0.000165 0.000000 0.000080 0.000981 0.000148 0.505160 0.023342 0.000596 0.000185 0.022820 0.000286 0.000090 0.000000 0.345439 0.000006 0.000886 0.099690 0.000000 0.000000 0.000126 
172 0.012475 0.000938 0.000329 0.000000 0.000312 0.001116 0.000195 0.435035 0.052345 0.001512 0.000417 0.008846 0.000529 0.000063 0.000000 0.278520 0.000467 0.001223 0.216990 0.000000 0.000000 0.002103 
173 0.009843 0.000777 0.000865 0.000000 0.008667 0.003071 0.000550 0.267051 0.052317 0.066638 0.002152 0.044298 0.006391 0.000000 0.000000 0.231788 0.000426 0.044293 0.207717 0.001318 0.000000 0.062460 
176 0.010764 0.000811 0.000320 0.000000 0.006256 0.007021 0.001541 0.311371 0.065462 0.071024 0.000474 0.046677 0.003068 0.000000 0.000000 0.210929 0.000441 0.017539 0.224813 0.000509 0.000000 0.032555 
177 0.011291 0.000840 0.000083 0.000000 0.003183 0.000513 0.000080 0.329263 0.075807 0.045635 0.000442 0.035475 0.001672 0.000000 0.000000 0.245194 0.000267 0.019623 0.222961 0.000492 0.000000 0.019309 
180 0.010821 0.000813 0.001161 0.000000 0.006528 0.002252 0.000044 0.330770 0.069926 0.058778 0.000135 0.026990 0.001006 0.000000 0.000000 0.217327 0.000093 0.016479 0.232895 0.000741 0.000000 0.034875 
182 0.012749 0.000976 0.000367 0.000000 0.000719 0.001241 0.000143 0.472874 0.033864 0.000524 0.000065 0.027490 0.000342 0.000337 0.000000 0.273232 0.000291 0.000785 0.187505 0.000000 0.000000 0.000220 
185 0.013761 0.001285 0.000039 0.000000 0.000243 0.000000 0.000110 0.526773 0.003070 0.001212 0.000355 0.034185 0.000408 0.000201 0.000000 0.424163 0.000228 0.000486 0.008315 0.000031 0.000000 0.000181 
186 0.013772 0.001294 0.000264 0.000000 0.000537 0.000850 0.000119 0.572475 0.001224 0.000580 0.000456 0.029678 0.000590 0.000000 0.000000 0.382510 0.001009 0.000515 0.008953 0.000012 0.000000 0.000227 
189 0.013092 0.001049 0.000076 0.000000 0.000716 0.001264 0.000193 0.505726 0.021132 0.001016 0.000066 0.012742 0.000340 0.000336 0.000000 0.325606 0.000220 0.001300 0.129050 0.000000 0.000000 0.000216 
191 0.012532 0.000945 0.000195 0.000000 0.000421 0.001576 0.000113 0.440283 0.054749 0.002055 0.000769 0.015533 0.000226 0.000225 0.000000 0.273777 0.000389 0.000907 0.207964 0.000000 0.000000 0.000820 
193 0.010294 0.000790 0.000166 0.000000 0.018646 0.002641 0.000992 0.259832 0.034561 0.079912 0.000592 0.072548 0.003637 0.000000 0.000000 0.233766 0.000251 0.034605 0.215303 0.002304 0.000000 0.040246 
194 0.013231 0.001084 0.000141 0.000000 0.000080 0.000776 0.000104 0.497390 0.007135 0.000968 0.000288 0.021955 0.000325 0.000160 0.000000 0.357151 0.000350 0.000345 0.112743 0.000000 0.000000 0.000089 
196 0.012756 0.000978 0.000131 0.000000 0.001039 0.001081 0.000049 0.462056 0.041316 0.001045 0.000411 0.030329 0.000266 0.000290 0.000000 0.281609 0.000587 0.000574 0.179194 0.000000 0.000000 0.000022 
197 0.008804 0.000763 0.001197 0.000000 0.006137 0.007917 0.001436 0.209877 0.049189 0.126520 0.004500 0.037273 0.004456 0.000000 0.000000 0.188643 0.000647 0.069634 0.228108 0.001906 0.000000 0.062560 
201 0.010089 0.000785 0.002888 0.000000 0.009129 0.004987 0.001020 0.268055 0.058058 0.099791 0.000645 0.061803 0.002835 0.000000 0.000000 0.194663 0.000708 0.037740 0.217864 0.000526 0.000000 0.039290 
203 0.012061 0.000899 0.000327 0.000000 0.005218 0.002030 0.000263 0.393645 0.064657 0.024002 0.000485 0.014624 0.000444 0.000000 0.000000 0.263599 0.000213 0.006633 0.219945 0.000269 0.000000 0.003644 
204 0.011394 0.000848 0.000786 0.000000 0.002149 0.001248 0.000191 0.365063 0.064756 0.043186 0.000359 0.026170 0.001262 0.000000 0.000000 0.224277 0.000198 0.017226 0.236494 0.000584 0.000000 0.016049 
208 0.012955 0.001015 0.000059 0.000000 0.000525 0.000994 0.000130 0.500361 0.030810 0.001360 0.000576 0.011246 0.000041 0.000104 0.000000 0.300698 0.000295 0.000582 0.152154 0.000000 0.000000 0.000065 
210 0.013665 0.001247 0.000225 0.000000 0.000380 0.000768 0.000116 0.505960 0.002048 0.000266 0.000334 0.024228 0.000434 0.000063 0.000000 0.437758 0.000774 0.000481 0.025910 0.000000 0.000000 0.000254 
213 0.012690 0.000967 0.000063 0.000000 0.001054 0.001266 0.000095 0.459913 0.049873 0.001320 0.000975 0.016548 0.000085 0.000169 0.000000 0.281275 0.000535 0.000388 0.186397 0.000000 0.000000 0.000043 
217 0.010374 0.000794 0.000258 0.000000 0.014635 0.002605 0.000825 0.255443 0.035069 0.082410 0.000567 0.068967 0.004207 0.000000 0.000000 0.241757 0.000109 0.030310 0.223114 0.002038 0.000000 0.037685 
219 0.012475 0.000938 0.000329 0.000000 0.000312 0.001116 0.000195 0.435035 0.052345 0.001512 0.000417 0.008846 0.000529 0.000063 0.000000 0.278520 0.000467 0.001223 0.216990 0.000000 0.000000 0.002103 
220 0.012569 0.000949 0.000115 0.000000 0.001840 0.000841 0.000129 0.438267 0.053061 0.001827 0.000892 0.019212 0.000372 0.000286 0.000000 0.277121 0.000465 0.000310 0.205250 0.000000 0.000000 0.000013 
222 0.012928 0.001009 0.000043 0.000000 0.000096 0.000677 0.000088 0.468505 0.032150 0.000953 0.000581 0.025575 0.000238 0.000294 0.000000 0.316664 0.000253 0.000488 0.153219 0.000000 0.000000 0.000177 
223 0.009220 0.000767 0.002197 0.000000 0.016936 0.008000 0.001093 0.201749 0.068770 0.093947 0.001250 0.071573 0.009189 0.000000 0.000000 0.217919 0.001177 0.049721 0.188706 0.005833 0.000000 0.061942 
226 0.013764 0.001290 0.000259 0.000000 0.000423 0.000867 0.000122 0.567504 0.000317 0.000394 0.000638 0.028110 0.000628 0.000070 0.000000 0.388295 0.000828 0.000517 0.010747 0.000000 0.000000 0.000281 
228 0.011426 0.000852 0.001238 0.000000 0.003600 0.001048 0.000053 0.375188 0.067182 0.033232 0.000355 0.021562 0.001280 0.000000 0.000000 0.225152 0.000072 0.018495 0.233256 0.000663 0.000000 0.017624 
229 0.011409 0.000850 0.000000 0.000000 0.003587 0.001238 0.000426 0.341880 0.078804 0.028207 0.000357 0.035836 0.001500 0.000083 0.000000 0.238440 0.000040 0.021510 0.230015 0.000618 0.000000 0.017457 
230 0.011318 0.000844 0.000719 0.000000 0.003093 0.003725 0.000343 0.363180 0.059645 0.025941 0.000526 0.027830 0.002108 0.000000 0.000000 0.240136 0.000084 0.016115 0.226638 0.000461 0.000000 0.029456 
231 0.011809 0.000877 0.000272 0.000000 0.000457 0.002566 0.000267 0.397840 0.059072 0.026848 0.000332 0.020949 0.001687 0.000000 0.000000 0.246257 0.000248 0.006712 0.219935 0.000164 0.000000 0.016392 
232 0.012434 0.000934 0.000355 0.000000 0.001399 0.001797 0.000131 0.425696 0.055536 0.010448 0.000256 0.006001 0.000252 0.000037 0.000000 0.288998 0.000280 0.002818 0.204535 0.000000 0.000000 0.001461 
235 0.010768 0.000812 0.001398 0.000000 0.003033 0.000778 0.000273 0.336812 0.071902 0.048414 0.000214 0.030752 0.000145 0.000000 0.000000 0.204066 0.000120 0.028977 0.239554 0.001049 0.000000 0.032511 
236 0.009843 0.000777 0.000865 0.000000 0.008667 0.003071 0.000550 0.267051 0.052317 0.066638 0.002152 0.044298 0.006391 0.000000 0.000000 0.231788 0.000426 0.044293 0.207717 0.001318 0.000000 0.062460 
238 0.012530 0.000945 0.000065 0.000000 0.001360 0.001360 0.000116 0.445771 0.057696 0.001709 0.000955 0.017757 0.000275 0.000288 0.000000 0.260927 0.000465 0.000391 0.210782 0.000000 0.000000 0.000083 
240 0.011946 0.000889 0.000440 0.000000 0.002789 0.002793 0.000116 0.390277 0.060226 0.035008 0.001045 0.027637 0.002850 0.000045 0.000000 0.249002 0.000099 0.000361 0.217868 0.000000 0.000000 0.009445 
241 0.011409 0.000850 0.000000 0.000000 0.003587 0.001238 0.000426 0.341880 0.078804 0.028207 0.000357 0.035836 0.001500 0.000083 0.000000 0.238440 0.000040 0.021510 0.230015 0.000618 0.000000 0.017457 
243 0.011939 0.000889 0.000575 0.000000 0.004281 0.003137 0.000045 0.410405 0.053904 0.029186 0.000323 0.019898 0.002480 0.000040 0.000000 0.233392 0.000398 0.003235 0.229665 0.000000 0.000000 0.009034 
244 0.012123 0.000905 0.000542 0.000000 0.002914 0.002877 0.000074 0.425769 0.054409 0.015653 0.000340 0.015608 0.002851 0.000042 0.000000 0.239710 0.000080 0.003205 0.229108 0.000000 0.000000 0.006818 
247 0.009379 0.000769 0.001026 0.000000 0.010626 0.004649 0.001109 0.267207 0.044765 0.092325 0.006300 0.035798 0.004791 0.000000 0.000000 0.193363 0.000646 0.057507 0.218847 0.002178 0.000000 0.058862 
252 0.013408 0.001142 0.000138 0.000000 0.000254 0.001183 0.000062 0.522668 0.013166 0.000705 0.000341 0.012669 0.000301 0.000160 0.000000 0.372601 0.000090 0.000715 0.074862 0.000000 0.000000 0.000086 
256 0.013359 0.001124 0.000082 0.000000 0.000224 0.000904 0.000022 0.534350 0.012104 0.000649 0.000332 0.015770 0.000079 0.000159 0.000000 0.347201 0.000239 0.000741 0.087056 0.000000 0.000000 0.000088 
259 0.011442 0.000852 0.000993 0.000000 0.003304 0.000602 0.000121 0.375054 0.073890 0.036105 0.000361 0.022796 0.001488 0.000000 0.000000 0.219944 0.000066 0.015298 0.231897 0.000563 0.000000 0.017518 
262 0.011306 0.000843 0.000101 0.000000 0.005400 0.002399 0.000080 0.369528 0.068258 0.035281 0.000494 0.030429 0.003142 0.000000 0.000000 0.209999 0.000175 0.014491 0.236915 0.001090 0.000000 0.022219 
265 0.013523 0.001182 0.000148 0.000000 0.000215 0.000109 0.000082 0.535006 0.004695 0.001282 0.000170 0.033774 0.000355 0.000145 0.000000 0.365520 0.000333 0.000552 0.057535 0.000000 0.000000 0.000079 
268 0.012869 0.000998 0.000198 0.000000 0.000944 0.001368 0.000171 0.463937 0.031652 0.000525 0.000183 0.027564 0.000318 0.000300 0.000000 0.308342 0.000285 0.001008 0.162988 0.000000 0.000000 0.000218 
269 0.010208 0.000787 0.001609 0.000000 0.009244 0.002757 0.001436 0.283432 0.070440 0.066393 0.000598 0.037030 0.003629 0.000000 0.000000 0.217267 0.000433 0.031735 0.223852 0.000713 0.000000 0.049432 
270 0.013786 0.001294 0.000045 0.000000 0.000348 0.000000 0.000101 0.556052 0.003800 0.001329 0.000157 0.033982 0.000351 0.000126 0.000000 0.396569 0.000406 0.000460 0.006112 0.000042 0.000000 0.000118 
273 0.010552 0.000800 0.000426 0.000000 0.006111 0.004783 0.000522 0.297496 0.063525 0.097992 0.000064 0.035687 0.003316 0.000000 0.000000 0.217971 0.000793 0.018656 0.218550 0.000215 0.000000 0.033892 
277 0.013045 0.001037 0.000233 0.000000 0.000401 0.000115 0.000000 0.492462 0.029641 0.000682 0.000203 0.005709 0.000303 0.000318 0.000000 0.334196 0.000508 0.000662 0.134398 0.000009 0.000000 0.000158 
278 0.012841 0.000993 0.000397 0.000000 0.000949 0.001518 0.000164 0.458951 0.032533 0.000532 0.000002 0.028181 0.000355 0.000296 0.000000 0.307372 0.000303 0.000822 0.167376 0.000000 0.000000 0.000250 
279 0.013535 0.001188 0.000093 0.000000 0.000000 0.000151 0.000133 0.549785 0.004167 0.001240 0.000175 0.031884 0.000334 0.000123 0.000000 0.354227 0.000501 0.000462 0.056530 0.000062 0.000000 0.000131 
283 0.013523 0.001182 0.000148 0.000000 0.000215 0.000109 0.000082 0.535006 0.004695 0.001282 0.000170 0.033774 0.000355 0.000145 0.000000 0.365520 0.000333 0.000552 0.057535 0.000000 0.000000 0.000079 
285 0.013070 0.001043 0.000208 0.000000 0.000247 0.000285 0.000150 0.499215 0.025040 0.000578 0.000155 0.023507 0.000164 0.000501 0.000000 0.316370 0.000536 0.000703 0.132286 0.000000 0.000000 0.000054 
286 0.011782 0.000875 0.000249 0.000000 0.000496 0.002264 0.000254 0.393072 0.057667 0.029578 0.000305 0.027278 0.001699 0.000000 0.000000 0.244899 0.000261 0.006679 0.218062 0.000239 0.000000 0.016996 
289 0.012317 0.000922 0.000241 0.000000 0.000074 0.002007 0.000209 0.419354 0.055930 0.001422 0.000105 0.012868 0.000656 0.000097 0.000000 0.269107 0.000451 0.002173 0.230285 0.000000 0.000000 0.005020 
291 0.012690 0.000967 0.000063 0.000000 0.001054 0.001266 0.000095 0.459913 0.049873 0.001320 0.000975 0.016548 0.000085 0.000169 0.000000 0.281275 0.000535 0.000388 0.186397 0.000000 0.000000 0.000043 
293 0.011761 0.000875 0.000281 0.000000 0.002431 0.001795 0.000249 0.378638 0.050023 0.045105 0.000231 0.036362 0.000687 0.000000 0.000000 0.247257 0.000179 0.014284 0.213884 0.000495 0.000000 0.008097 
294 0.011857 0.000882 0.000261 0.000000 0.002010 0.002400 0.000256 0.395278 0.057070 0.024592 0.000322 0.027980 0.001257 0.000000 0.000000 0.248862 0.000286 0.007194 0.216771 0.000252 0.000000 0.015208 
297 0.009483 0.000770 0.001497 0.000000 0.012880 0.013545 0.001081 0.244374 0.043134 0.092619 0.001195 0.066103 0.005934 0.000000 0.000000 0.204563 0.000731 0.034616 0.206560 0.003162 0.000000 0.068006 
301 0.009978 0.000781 0.001523 0.000000 0.013021 0.007826 0.001186 0.250999 0.044732 0.094625 0.000859 0.068467 0.005936 0.000000 0.000000 0.213596 0.000799 0.036364 0.214921 0.003313 0.000000 0.041832 
304 0.011362 0.000846 0.001005 0.000000 0.003586 0.000818 0.000166 0.366355 0.065530 0.041553 0.000354 0.025180 0.001296 0.000000 0.000000 0.225074 0.000111 0.018815 0.231921 0.000698 0.000000 0.017539 
306 0.012253 0.000916 0.000199 0.000000 0.000252 0.001807 0.000176 0.408317 0.068055 0.001396 0.000386 0.013192 0.000597 0.000118 0.000000 0.262934 0.000414 0.002187 0.235439 0.000000 0.000000 0.004530 
309 0.010376 0.000793 0.000019 0.000000 0.020017 0.002568 0.000529 0.290129 0.040092 0.100378 0.000457 0.052476 0.003006 0.000000 0.000000 0.219322 0.000284 0.022978 0.207457 0.001842 0.000000 0.038444 
311 0.010644 0.000805 0.000344 0.000000 0.005685 0.005757 0.001136 0.309381 0.062544 0.089291 0.000554 0.046503 0.003030 0.000000 0.000000 0.205558 0.000664 0.016723 0.218604 0.000377 0.000000 0.033848 
312 0.012869 0.000998 0.000198 0.000000 0.000944 0.001368 0.000171 0.463937 0.031652 0.000525 0.000183 0.027564 0.000318 0.000300 0.000000 0.308342 0.000285 0.001008 0.162988 0.000000 0.000000 0.000218 
313 0.013593 0.001211 0.000100 0.000000 0.000000 0.000048 0.000141 0.552787 0.005258 0.001214 0.000230 0.024297 0.000335 0.000132 0.000000 0.369868 0.000515 0.000513 0.044369 0.000047 0.000000 0.000146 
314 0.012512 0.000941 0.000044 0.000000 0.001106 0.001485 0.000094 0.438693 0.059863 0.002162 0.000804 0.016344 0.000249 0.000099 0.000000 0.265080 0.000457 0.000392 0.213091 0.000000 0.000000 0.000037 
315 0.011643 0.000866 0.000276 0.000000 0.003817 0.003143 0.000145 0.377658 0.057230 0.028844 0.000220 0.012725 0.004253 0.000000 0.000000 0.245587 0.000173 0.006789 0.242692 0.000324 0.000000 0.016124 
316 0.009888 0.000776 0.000185 0.000000 0.017026 0.001506 0.001102 0.260884 0.033862 0.084856 0.000487 0.054489 0.003266 0.000000 0.000000 0.221340 0.000255 0.054869 0.219216 0.002917 0.000000 0.043740 
317 0.013234 0.001085 0.000117 0.000000 0.000197 0.000814 0.000071 0.486159 0.003215 0.000804 0.000231 0.024322 0.000307 0.000061 0.000000 0.369354 0.000510 0.000368 0.113289 0.000000 0.000000 0.000179 
319 0.012246 0.000916 0.000186 0.000000 0.001906 0.001474 0.000127 0.403908 0.056699 0.015953 0.000945 0.030373 0.000112 0.000157 0.000000 0.256398 0.000369 0.003419 0.226871 0.000000 0.000000 0.001104 
320 0.013053 0.001039 0.000115 0.000000 0.000684 0.000358 0.000222 0.502926 0.003950 0.001044 0.000158 0.013065 0.000173 0.000257 0.000000 0.327330 0.000000 0.001130 0.147772 0.000121 0.000000 0.000695 
328 0.013711 0.001267 0.000114 0.000000 0.000266 0.000300 0.000110 0.526937 0.008779 0.001339 0.000408 0.032063 0.000448 0.000218 0.000000 0.414507 0.000252 0.000586 0.013470 0.000000 0.000000 0.000204 
329 0.013115 0.001053 0.000146 0.000000 0.000201 0.000444 0.000162 0.486685 0.010248 0.001217 0.000389 0.024169 0.000338 0.000262 0.000000 0.343329 0.000161 0.001104 0.131122 0.000000 0.000000 0.000024 
330 0.012756 0.000978 0.000131 0.000000 0.001039 0.001081 0.000049 0.462056 0.041316 0.001045 0.000411 0.030329 0.000266 0.000290 0.000000 0.281609 0.000587 0.000574 0.179194 0.000000 0.000000 0.000022 
331 0.010947 0.000822 0.000860 0.000000 0.001718 0.003198 0.000423 0.354924 0.062065 0.036780 0.000435 0.024014 0.002370 0.000000 0.000000 0.230458 0.000169 0.024943 0.219006 0.000865 0.000000 0.037772 
332 0.009553 0.000771 0.000299 0.000000 0.016571 0.001568 0.001007 0.180490 0.050509 0.078027 0.000686 0.079053 0.002481 0.000000 0.000000 0.248760 0.000464 0.039024 0.234501 0.003085 0.000000 0.063475 
333 0.012123 0.000905 0.000542 0.000000 0.002914 0.002877 0.000074 0.425769 0.054409 0.015653 0.000340 0.015608 0.002851 0.000042 0.000000 0.239710 0.000080 0.003205 0.229108 0.000000 0.000000 0.006818 
336 0.009840 0.000773 0.000128 0.000000 0.022316 0.001591 0.000860 0.237893 0.038851 0.085307 0.000590 0.074580 0.003224 0.000000 0.000000 0.223437 0.000335 0.036010 0.216438 0.002770 0.000000 0.055669 
340 0.011810 0.000878 0.000284 0.000000 0.005188 0.002814 0.000203 0.369227 0.063598 0.031584 0.000482 0.023996 0.000388 0.000000 0.000000 0.263886 0.000215 0.007570 0.218868 0.000313 0.000000 0.011385 
342 0.013619 0.001223 0.000090 0.000000 0.000000 0.000036 0.000128 0.581248 0.004671 0.001200 0.000210 0.029759 0.000303 0.000121 0.000000 0.338487 0.000478 0.000472 0.042613 0.000050 0.000000 0.000134 
343 0.009817 0.000776 0.001540 0.000000 0.014532 0.005272 0.000906 0.249033 0.054506 0.077293 0.001083 0.055129 0.005162 0.000000 0.000000 0.218372 0.000693 0.033936 0.224622 0.003442 0.000000 0.054477 
344 0.011593 0.000862 0.000043 0.000000 0.003435 0.000093 0.000095 0.367956 0.063117 0.032188 0.001113 0.026466 0.001768 0.000000 0.000000 0.257129 0.000204 0.013377 0.213371 0.000556 0.000000 0.019089 
347 0.011625 0.000864 0.000754 0.000000 0.003154 0.001817 0.000561 0.365728 0.064099 0.033642 0.000581 0.032168 0.001616 0.000000 0.000000 0.250902 0.000201 0.013761 0.214238 0.000090 0.000000 0.016686 
348 0.010787 0.000812 0.000875 0.000000 0.003230 0.002246 0.001133 0.316516 0.067092 0.056306 0.000595 0.036246 0.002720 0.000000 0.000000 0.230282 0.000414 0.024646 0.222508 0.000891 0.000000 0.034300 
349 0.013635 0.001236 0.000149 0.000000 0.000402 0.000433 0.000083 0.546038 0.015744 0.000434 0.000222 0.049116 0.000425 0.000126 0.000000 0.358516 0.000667 0.000297 0.027202 0.000000 0.000000 0.000143 
350 0.012841 0.000993 0.000397 0.000000 0.000949 0.001518 0.000164 0.458951 0.032533 0.000532 0.000002 0.028181 0.000355 0.000296 0.000000 0.307372 0.000303 0.000822 0.167376 0.000000 0.000000 0.000250 
352 0.012635 0.000958 0.000062 0.000000 0.001144 0.001416 0.000119 0.453196 0.040213 0.001647 0.000945 0.017134 0.000268 0.000135 0.000000 0.279809 0.000475 0.000389 0.203000 0.000000 0.000000 0.000047 
353 0.012606 0.000954 0.000061 0.000000 0.001130 0.001399 0.000117 0.447677 0.051902 0.001627 0.000934 0.016925 0.000264 0.000133 0.000000 0.276402 0.000470 0.000384 0.200528 0.000000 0.000000 0.000047 
356 0.008740 0.000763 0.001126 0.000000 0.009415 0.008561 0.001242 0.219639 0.052161 0.101641 0.006391 0.040178 0.005668 0.000000 0.000000 0.173739 0.000710 0.070142 0.238943 0.002993 0.000000 0.067452 
362 0.010662 0.000806 0.000396 0.000000 0.005758 0.006099 0.001150 0.299269 0.062773 0.087677 0.000558 0.045972 0.003198 0.000000 0.000000 0.218704 0.000663 0.015713 0.217685 0.000382 0.000000 0.034002 
367 0.013437 0.001151 0.000077 0.000000 0.000443 0.000504 0.000135 0.522620 0.005885 0.001210 0.000184 0.030268 0.000339 0.000066 0.000000 0.364648 0.000421 0.000591 0.072471 0.000000 0.000000 0.000139 
369 0.013196 0.001075 0.000053 0.000000 0.000509 0.000678 0.000192 0.518732 0.007731 0.001098 0.000193 0.016311 0.000331 0.000545 0.000000 0.332868 0.000137 0.000896 0.119609 0.000000 0.000000 0.000119 
370 0.011550 0.000861 0.000240 0.000000 0.002833 0.001540 0.000300 0.352430 0.082918 0.023082 0.000361 0.032504 0.001356 0.000123 0.000000 0.238515 0.000000 0.015008 0.232168 0.000588 0.000000 0.016034 
372 0.013155 0.001063 0.000334 0.000000 0.000238 0.000728 0.000167 0.502713 0.004160 0.000981 0.000179 0.021952 0.000310 0.000401 0.000000 0.337254 0.000079 0.000618 0.129834 0.000000 0.000000 0.000051 
373 0.011763 0.000875 0.000558 0.000000 0.002648 0.004166 0.000048 0.387827 0.068628 0.021974 0.000058 0.021305 0.004557 0.000000 0.000000 0.240436 0.000286 0.003161 0.226603 0.000183 0.000000 0.017561 
375 0.012160 0.000908 0.000359 0.000000 0.005201 0.001895 0.000233 0.385693 0.067303 0.016921 0.000127 0.014308 0.000425 0.000000 0.000000 0.276872 0.000284 0.004613 0.223584 0.000227 0.000000 0.001955 
377 0.013114 0.001053 0.000223 0.000000 0.000876 0.000917 0.000157 0.514721 0.009683 0.000882 0.000128 0.013081 0.000294 0.000444 0.000000 0.322815 0.000015 0.000942 0.134622 0.000000 0.000000 0.000202 
378 0.008914 0.000764 0.003017 0.000000 0.008951 0.008128 0.001195 0.249943 0.051726 0.086069 0.005977 0.043310 0.006199 0.000000 0.000000 0.169420 0.000717 0.060133 0.230284 0.004060 0.000000 0.070872 
379 0.010644 0.000805 0.000344 0.000000 0.005685 0.005757 0.001136 0.309381 0.062544 0.089291 0.000554 0.046503 0.003030 0.000000 0.000000 0.205558 0.000664 0.016723 0.218604 0.000377 0.000000 0.033848 
380 0.012253 0.000916 0.000199 0.000000 0.000252 0.001807 0.000176 0.408317 0.068055 0.001396 0.000386 0.013192 0.000597 0.000118 0.000000 0.262934 0.000414 0.002187 0.235439 0.000000 0.000000 0.004530 
381 0.013811 0.001305 0.000087 0.000000 0.000344 0.000224 0.000097 0.569147 0.004563 0.001339 0.000126 0.031159 0.000356 0.000000 0.000000 0.389367 0.000413 0.000373 0.002233 0.000028 0.000000 0.000142 
387 0.012317 0.000922 0.000241 0.000000 0.000074 0.002007 0.000209 0.419354 0.055930 0.001422 0.000105 0.012868 0.000656 0.000097 0.000000 0.269107 0.000451 0.002173 0.230285 0.000000 0.000000 0.005020 
389 0.012956 0.001015 0.000207 0.000000 0.000293 0.000272 0.000124 0.494881 0.021123 0.000757 0.000104 0.019466 0.000329 0.000301 0.000000 0.302439 0.000477 0.000811 0.158307 0.000000 0.000000 0.000107 
390 0.010472 0.000798 0.000247 0.000000 0.008391 0.001694 0.001990 0.303826 0.063343 0.068374 0.001069 0.024341 0.001274 0.000000 0.000000 0.229667 0.001168 0.032558 0.222621 0.000962 0.000000 0.038473 
397 0.013374 0.001128 0.000088 0.000000 0.000226 0.000567 0.000009 0.535596 0.012599 0.000067 0.000366 0.016536 0.000216 0.000165 0.000000 0.347795 0.000271 0.000745 0.084662 0.000000 0.000000 0.000092 
398 0.013508 0.001177 0.000142 0.000000 0.000213 0.000446 0.000095 0.533765 0.004221 0.001860 0.000137 0.032968 0.000219 0.000139 0.000000 0.364885 0.000301 0.000548 0.059989 0.000000 0.000000 0.000075 
399 0.010376 0.000793 0.000019 0.000000 0.020017 0.002568 0.000529 0.290129 0.040092 0.100378 0.000457 0.052476 0.003006 0.000000 0.000000 0.219322 0.000284 0.022978 0.207457 0.001842 0.000000 0.038444 
402 0.010248 0.000789 0.000569 0.000000 0.006808 0.003952 0.001137 0.292795 0.060830 0.088844 0.000646 0.014288 0.004374 0.000000 0.000000 0.228469 0.000657 0.022271 0.227957 0.001180 0.000000 0.045224 
403 0.012512 0.000941 0.000044 0.000000 0.001106 0.001485 0.000094 0.438693 0.059863 0.002162 0.000804 0.016344 0.000249 0.000099 0.000000 0.265080 0.000457 0.000392 0.213091 0.000000 0.000000 0.000037 
405 0.013152 0.001062 0.000335 0.000000 0.000239 0.000730 0.000167 0.501360 0.004172 0.000984 0.000179 0.022012 0.000310 0.000403 0.000000 0.338172 0.000080 0.000620 0.130187 0.000000 0.000000 0.000051 
406 0.013356 0.001123 0.000172 0.000000 0.000137 0.000907 0.000125 0.510683 0.005230 0.001085 0.000223 0.024486 0.000380 0.000052 0.000000 0.366833 0.000461 0.000376 0.088681 0.000000 0.000000 0.000168 
411 0.009838 0.000773 0.000229 0.000000 0.017398 0.000468 0.000798 0.224387 0.047811 0.082612 0.000602 0.073488 0.001711 0.000000 0.000000 0.236187 0.000256 0.036345 0.218849 0.002904 0.000000 0.055954 
413 0.009838 0.000773 0.000229 0.000000 0.017398 0.000468 0.000798 0.224387 0.047811 0.082612 0.000602 0.073488 0.001711 0.000000 0.000000 0.236187 0.000256 0.036345 0.218849 0.002904 0.000000 0.055954 
414 0.009838 0.000773 0.000229 0.000000 0.017398 0.000468 0.000798 0.224387 0.047811 0.082612 0.000602 0.073488 0.001711 0.000000 0.000000 0.236187 0.000256 0.036345 0.218849 0.002904 0.000000 0.055954 
416 0.010944 0.000822 0.000223 0.000000 0.004284 0.001665 0.001078 0.344798 0.068648 0.045958 0.000561 0.024443 0.001180 0.000000 0.000000 0.228418 0.001064 0.021572 0.220668 0.000781 0.000000 0.034661 
420 0.010780 0.000813 0.000961 0.000000 0.005163 0.002773 0.001304 0.307087 0.070114 0.061137 0.000781 0.039388 0.003352 0.000000 0.000000 0.227310 0.000488 0.022964 0.224889 0.000841 0.000000 0.031448 
421 0.012644 0.000959 0.000158 0.000000 0.001490 0.000679 0.000136 0.447338 0.047078 0.001467 0.000642 0.019758 0.000405 0.000316 0.000000 0.283346 0.000255 0.000597 0.196252 0.000000 0.000000 0.000082 
423 0.013356 0.001123 0.000172 0.000000 0.000137 0.000907 0.000125 0.510683 0.005230 0.001085 0.000223 0.024486 0.000380 0.000052 0.000000 0.366833 0.000461 0.000376 0.088681 0.000000 0.000000 0.000168 
425 0.010644 0.000805 0.000344 0.000000 0.005685 0.005757 0.001136 0.309381 0.062544 0.089291 0.000554 0.046503 0.003030 0.000000 0.000000 0.205558 0.000664 0.016723 0.218604 0.000377 0.000000 0.033848 
427 0.010472 0.000798 0.000247 0.000000 0.008391 0.001694 0.001990 0.303826 0.063343 0.068374 0.001069 0.024341 0.001274 0.000000 0.000000 0.229667 0.001168 0.032558 0.222621 0.000962 0.000000 0.038473 
428 0.013152 0.001062 0.000335 0.000000 0.000239 0.000730 0.000167 0.501360 0.004172 0.000984 0.000179 0.022012 0.000310 0.000403 0.000000 0.338172 0.000080 0.000620 0.130187 0.000000 0.000000 0.000051 
431 0.013232 0.001084 0.000295 0.000000 0.000525 0.000743 0.000128 0.524515 0.005648 0.001023 0.000136 0.022490 0.000313 0.000397 0.000000 0.327751 0.000007 0.000635 0.115348 0.000000 0.000000 0.000046 
432 0.011122 0.000831 0.000988 0.000000 0.000205 0.002498 0.000234 0.324735 0.061195 0.053159 0.000446 0.042029 0.001058 0.000000 0.000000 0.255382 0.000497 0.014775 0.209917 0.000124 0.000000 0.032759 
434 0.011836 0.000881 0.000293 0.000000 0.003948 0.001927 0.000251 0.380749 0.049385 0.040236 0.000248 0.037112 0.000242 0.000000 0.000000 0.251211 0.000203 0.014840 0.212576 0.000510 0.000000 0.006268 
435 0.010947 0.000822 0.000860 0.000000 0.001718 0.003198 0.000423 0.354924 0.062065 0.036780 0.000435 0.024014 0.002370 0.000000 0.000000 0.230458 0.000169 0.024943 0.219006 0.000865 0.000000 0.037772 
437 0.012813 0.000987 0.000182 0.000000 0.001040 0.000943 0.000042 0.469305 0.035277 0.000851 0.000525 0.022040 0.000270 0.000300 0.000000 0.294979 0.000512 0.000493 0.173220 0.000000 0.000000 0.000022 
440 0.012235 0.000915 0.000202 0.000000 0.000549 0.002767 0.000310 0.420422 0.066520 0.002414 0.000000 0.017443 0.001416 0.000128 0.000000 0.248572 0.000494 0.002640 0.230235 0.000093 0.000000 0.005795 
441 0.013357 0.001121 0.000080 0.000000 0.000101 0.000035 0.000132 0.509135 0.000153 0.000935 0.000204 0.031568 0.000253 0.000145 0.000000 0.363228 0.000486 0.000373 0.093038 0.000000 0.000000 0.000134 
442 0.012440 0.000935 0.000330 0.000000 0.000414 0.001438 0.000216 0.430840 0.051540 0.001608 0.000396 0.008359 0.000408 0.000054 0.000000 0.276549 0.000424 0.001254 0.224101 0.000000 0.000000 0.002069 
448 0.010970 0.000823 0.000242 0.000000 0.005179 0.001632 0.001233 0.352026 0.065767 0.046174 0.000697 0.023532 0.001644 0.000000 0.000000 0.223674 0.001108 0.022837 0.220819 0.000750 0.000000 0.032687 
449 0.012061 0.000899 0.000327 0.000000 0.005218 0.002030 0.000263 0.393645 0.064657 0.024002 0.000485 0.014624 0.000444 0.000000 0.000000 0.263599 0.000213 0.006633 0.219945 0.000269 0.000000 0.003644 
452 0.012714 0.000969 0.000103 0.000000 0.000344 0.000721 0.000060 0.458158 0.027497 0.001503 0.000439 0.020190 0.000134 0.000194 0.000000 0.290193 0.000295 0.000369 0.199733 0.000000 0.000000 0.000066 
453 0.012793 0.000983 0.000130 0.000000 0.001443 0.000789 0.000088 0.467024 0.035173 0.000700 0.000304 0.020620 0.000311 0.000304 0.000000 0.294314 0.000438 0.000622 0.177633 0.000000 0.000000 0.000106 
455 0.013659 0.001245 0.000200 0.000000 0.000643 0.000943 0.000149 0.524238 0.010108 0.000640 0.000064 0.061563 0.000497 0.000128 0.000000 0.377136 0.000539 0.000309 0.022728 0.000000 0.000000 0.000115 
457 0.013689 0.001250 0.000088 0.000000 0.000634 0.000288 0.000107 0.550338 0.000068 0.001181 0.000391 0.049008 0.000460 0.000000 0.000000 0.369426 0.000376 0.000148 0.027382 0.000026 0.000000 0.000077 
461 0.012179 0.000910 0.000323 0.000000 0.001353 0.003341 0.000270 0.406770 0.051638 0.008353 0.000045 0.010524 0.001582 0.000044 0.000000 0.274416 0.000177 0.005858 0.228832 0.000000 0.000000 0.006473 
462 0.010376 0.000793 0.000019 0.000000 0.020017 0.002568 0.000529 0.290129 0.040092 0.100378 0.000457 0.052476 0.003006 0.000000 0.000000 0.219322 0.000284 0.022978 0.207457 0.001842 0.000000 0.038444 
463 0.011946 0.000889 0.000440 0.000000 0.002789 0.002793 0.000116 0.390277 0.060226 0.035008 0.001045 0.027637 0.002850 0.000045 0.000000 0.249002 0.000099 0.000361 0.217868 0.000000 0.000000 0.009445 
464 0.012841 0.000993 0.000397 0.000000 0.000949 0.001518 0.000164 0.458951 0.032533 0.000532 0.000002 0.028181 0.000355 0.000296 0.000000 0.307372 0.000303 0.000822 0.167376 0.000000 0.000000 0.000250 
469 0.010582 0.000803 0.001802 0.000000 0.005008 0.005541 0.000591 0.308480 0.060782 0.084610 0.000415 0.044759 0.001901 0.000000 0.000000 0.203776 0.000517 0.021611 0.226069 0.000375 0.000000 0.033762 
470 0.012317 0.000921 0.000209 0.000000 0.000272 0.001254 0.000170 0.428073 0.072990 0.001123 0.000347 0.007715 0.000350 0.000111 0.000000 0.253503 0.000017 0.002361 0.227993 0.000000 0.000000 0.003508 
471 0.010962 0.000823 0.001199 0.000000 0.007522 0.001658 0.000463 0.324640 0.062722 0.076833 0.001082 0.029482 0.004762 0.000000 0.000000 0.223205 0.000367 0.013463 0.228874 0.000347 0.000000 0.023380 
473 0.011252 0.000840 0.000000 0.000000 0.003784 0.001570 0.000238 0.359672 0.054449 0.041117 0.000892 0.028750 0.001550 0.000205 0.000000 0.239755 0.000531 0.014668 0.224290 0.001287 0.000000 0.027243 
480 0.013589 0.001217 0.000248 0.000000 0.000403 0.000682 0.000176 0.533727 0.016812 0.000472 0.000295 0.040491 0.000787 0.000121 0.000000 0.370816 0.000519 0.000371 0.033943 0.000000 0.000000 0.000136 
481 0.011343 0.000845 0.000731 0.000000 0.006823 0.001205 0.000231 0.339740 0.053841 0.047910 0.000300 0.025658 0.002488 0.000000 0.000000 0.256968 0.000540 0.016591 0.227181 0.000052 0.000000 0.019742 
486 0.012562 0.000949 0.000029 0.000000 0.001434 0.001365 0.000116 0.439110 0.057917 0.001626 0.000945 0.020013 0.000268 0.000327 0.000000 0.272660 0.000463 0.000295 0.203325 0.000000 0.000000 0.000110 
488 0.013158 0.001065 0.000031 0.000000 0.000914 0.000984 0.000181 0.529598 0.008908 0.000976 0.000186 0.012841 0.000309 0.000465 0.000000 0.315563 0.000035 0.000965 0.127928 0.000000 0.000000 0.000116 
491 0.012360 0.000926 0.000258 0.000000 0.000845 0.002118 0.000179 0.422356 0.062811 0.003769 0.000120 0.010637 0.000696 0.000000 0.000000 0.268247 0.000436 0.003025 0.222663 0.000194 0.000000 0.001646 
492 0.012369 0.000927 0.000124 0.000000 0.001303 0.001616 0.000000 0.421389 0.053803 0.011846 0.000876 0.028333 0.000448 0.000106 0.000000 0.260170 0.000318 0.003057 0.215884 0.000089 0.000000 0.000640 
493 0.012606 0.000954 0.000061 0.000000 0.001130 0.001399 0.000117 0.447677 0.051902 0.001627 0.000934 0.016925 0.000264 0.000133 0.000000 0.276402 0.000470 0.000384 0.200528 0.000000 0.000000 0.000047 
495 0.012916 0.001007 0.000042 0.000000 0.000368 0.000709 0.000075 0.481968 0.023663 0.000937 0.000682 0.019925 0.000211 0.000285 0.000000 0.307504 0.000224 0.000620 0.162637 0.000000 0.000000 0.000150 
496 0.013178 0.001070 0.000032 0.000000 0.000650 0.000958 0.000198 0.517135 0.017211 0.000993 0.000068 0.018449 0.000340 0.000479 0.000000 0.325227 0.000059 0.000840 0.117217 0.000000 0.000000 0.000144 
497 0.012605 0.000954 0.000037 0.000000 0.001086 0.001477 0.000035 0.435916 0.038904 0.001115 0.000647 0.022508 0.000307 0.000098 0.000000 0.287304 0.000408 0.000475 0.209553 0.000000 0.000000 0.000130 
498 0.013635 0.001236 0.000149 0.000000 0.000402 0.000433 0.000083 0.546038 0.015744 0.000434 0.000222 0.049116 0.000425 0.000126 0.000000 0.358516 0.000667 0.000297 0.027202 0.000000 0.000000 0.000143 
499 0.012986 0.001022 0.000296 0.000000 0.000360 0.000078 0.000078 0.486968 0.027192 0.000585 0.000258 0.025664 0.000299 0.000281 0.000000 0.309635 0.000501 0.000648 0.147114 0.000000 0.000000 0.000043 
501 0.010188 0.000787 0.001177 0.000000 0.015756 0.004298 0.000914 0.282692 0.053433 0.070865 0.000782 0.058895 0.004382 0.000000 0.000000 0.209679 0.000668 0.029661 0.216891 0.002758 0.000000 0.047150 
502 0.011664 0.000866 0.000666 0.000000 0.003477 0.001768 0.000328 0.381609 0.059106 0.032891 0.000120 0.026952 0.000084 0.000000 0.000000 0.240999 0.000235 0.009012 0.225317 0.000296 0.000000 0.017144 
504 0.012955 0.001015 0.000059 0.000000 0.000525 0.000994 0.000130 0.500361 0.030810 0.001360 0.000576 0.011246 0.000041 0.000104 0.000000 0.300698 0.000295 0.000582 0.152154 0.000000 0.000000 0.000065 
507 0.012606 0.000954 0.000061 0.000000 0.001130 0.001399 0.000117 0.447677 0.051902 0.001627 0.000934 0.016925 0.000264 0.000133 0.000000 0.276402 0.000470 0.000384 0.200528 0.000000 0.000000 0.000047 
508 0.013010 0.001028 0.000025 0.000000 0.001086 0.000464 0.000223 0.480995 0.019377 0.000940 0.000720 0.022951 0.000122 0.000093 0.000000 0.326338 0.000476 0.000445 0.145528 0.000000 0.000000 0.000218 
509 0.011939 0.000889 0.000575 0.000000 0.004281 0.003137 0.000045 0.410405 0.053904 0.029186 0.000323 0.019898 0.002480 0.000040 0.000000 0.233392 0.000398 0.003235 0.229665 0.000000 0.000000 0.009034 
511 0.008914 0.000764 0.003017 0.000000 0.008951 0.008128 0.001195 0.249943 0.051726 0.086069 0.005977 0.043310 0.006199 0.000000 0.000000 0.169420 0.000717 0.060133 0.230284 0.004060 0.000000 0.070872 
515 0.012960 0.001015 0.000256 0.000000 0.000326 0.000399 0.000137 0.493641 0.016247 0.000730 0.000106 0.019067 0.000322 0.000058 0.000000 0.306250 0.000419 0.000954 0.161005 0.000000 0.000000 0.000083 
517 0.012317 0.000922 0.000241 0.000000 0.000074 0.002007 0.000209 0.419354 0.055930 0.001422 0.000105 0.012868 0.000656 0.000097 0.000000 0.269107 0.000451 0.002173 0.230285 0.000000 0.000000 0.005020 
524 0.013010 0.001028 0.000025 0.000000 0.001086 0.000464 0.000223 0.480995 0.019377 0.000940 0.000720 0.022951 0.000122 0.000093 0.000000 0.326338 0.000476 0.000445 0.145528 0.000000 0.000000 0.000218 
526 0.013275 0.001097 0.000077 0.000000 0.000189 0.000516 0.000115 0.520400 0.002642 0.001315 0.000350 0.021449 0.000312 0.000175 0.000000 0.343530 0.000480 0.000487 0.107834 0.000000 0.000000 0.000128 
528 0.011126 0.000832 0.000726 0.000000 0.002680 0.004026 0.000338 0.350408 0.061320 0.033728 0.000414 0.027087 0.003664 0.000000 0.000000 0.235469 0.000103 0.022274 0.227033 0.000695 0.000000 0.030037 
529 0.009396 0.000768 0.002134 0.000000 0.011823 0.008483 0.000915 0.244232 0.055545 0.089883 0.000846 0.066419 0.006258 0.000000 0.000000 0.176242 0.000617 0.035249 0.230852 0.002547 0.000000 0.067955 
531 0.011126 0.000832 0.000726 0.000000 0.002680 0.004026 0.000338 0.350408 0.061320 0.033728 0.000414 0.027087 0.003664 0.000000 0.000000 0.235469 0.000103 0.022274 0.227033 0.000695 0.000000 0.030037 
535 0.013297 0.001106 0.000282 0.000000 0.000579 0.000963 0.000115 0.494621 0.009127 0.001382 0.000033 0.023542 0.000355 0.000182 0.000000 0.371826 0.000421 0.000227 0.096309 0.000000 0.000000 0.000036 
538 0.011476 0.000854 0.000481 0.000000 0.000475 0.000782 0.000370 0.370546 0.068974 0.020931 0.000271 0.023094 0.001912 0.000128 0.000000 0.234710 0.000000 0.014727 0.239332 0.000229 0.000000 0.023038 
539 0.012732 0.000972 0.000111 0.000000 0.000327 0.000698 0.000016 0.453050 0.048561 0.001487 0.000713 0.016630 0.000209 0.000230 0.000000 0.297016 0.000316 0.000365 0.180220 0.000000 0.000000 0.000051 
540 0.012179 0.000910 0.000323 0.000000 0.001353 0.003341 0.000270 0.406770 0.051638 0.008353 0.000045 0.010524 0.001582 0.000044 0.000000 0.274416 0.000177 0.005858 0.228832 0.000000 0.000000 0.006473 
541 0.009396 0.000768 0.002134 0.000000 0.011823 0.008483 0.000915 0.244232 0.055545 0.089883 0.000846 0.066419 0.006258 0.000000 0.000000 0.176242 0.000617 0.035249 0.230852 0.002547 0.000000 0.067955 
542 0.011885 0.000885 0.000771 0.000000 0.005552 0.002824 0.000176 0.386004 0.058594 0.022124 0.000431 0.022605 0.002525 0.000000 0.000000 0.246004 0.000180 0.004483 0.237922 0.000210 0.000000 0.009597 
543 0.013535 0.001188 0.000093 0.000000 0.000000 0.000151 0.000133 0.549785 0.004167 0.001240 0.000175 0.031884 0.000334 0.000123 0.000000 0.354227 0.000501 0.000462 0.056530 0.000062 0.000000 0.000131 
545 0.010644 0.000805 0.000344 0.000000 0.005685 0.005757 0.001136 0.309381 0.062544 0.089291 0.000554 0.046503 0.003030 0.000000 0.000000 0.205558 0.000664 0.016723 0.218604 0.000377 0.000000 0.033848 
549 0.008911 0.000764 0.002825 0.000000 0.007078 0.006116 0.000891 0.268969 0.048678 0.082231 0.003792 0.040925 0.005395 0.000000 0.000000 0.170249 0.000688 0.063943 0.214734 0.002751 0.000000 0.080735 
551 0.013297 0.001106 0.000282 0.000000 0.000579 0.000963 0.000115 0.494621 0.009127 0.001382 0.000033 0.023542 0.000355 0.000182 0.000000 0.371826 0.000421 0.000227 0.096309 0.000000 0.000000 0.000036 
552 0.010338 0.000792 0.000170 0.000000 0.006942 0.001433 0.001384 0.305127 0.064484 0.063867 0.000614 0.023077 0.001668 0.000000 0.000000 0.224194 0.001044 0.045233 0.219637 0.000937 0.000000 0.040189 
554 0.011100 0.000829 0.000038 0.000000 0.002641 0.000843 0.000032 0.310698 0.069211 0.051914 0.000958 0.034647 0.002825 0.000000 0.000000 0.259531 0.000240 0.014437 0.222567 0.000720 0.000000 0.028697 
555 0.009896 0.000777 0.000202 0.000000 0.008689 0.001816 0.001941 0.271353 0.063004 0.080080 0.000941 0.026288 0.001619 0.000000 0.000000 0.224056 0.001193 0.032953 0.225465 0.000912 0.000000 0.059487 
559 0.010522 0.000799 0.000073 0.000000 0.014325 0.002126 0.000416 0.294785 0.040774 0.103151 0.000451 0.054671 0.002717 0.000000 0.000000 0.220232 0.000156 0.022322 0.209769 0.001616 0.000000 0.032416 
564 0.013729 0.001276 0.000076 0.000000 0.000118 0.000389 0.000135 0.508546 0.006739 0.000977 0.000296 0.026747 0.000375 0.000149 0.000000 0.443613 0.000475 0.000759 0.010571 0.000000 0.000000 0.000035 
566 0.013403 0.001140 0.000093 0.000000 0.000058 0.000222 0.000160 0.517689 0.013887 0.001158 0.000172 0.026681 0.000307 0.000035 0.000000 0.363532 0.000489 0.000434 0.074946 0.000000 0.000000 0.000136 
567 0.012061 0.000899 0.000327 0.000000 0.005218 0.002030 0.000263 0.393645 0.064657 0.024002 0.000485 0.014624 0.000444 0.000000 0.000000 0.263599 0.000213 0.006633 0.219945 0.000269 0.000000 0.003644 
568 0.011939 0.000889 0.000575 0.000000 0.004281 0.003137 0.000045 0.410405 0.053904 0.029186 0.000323 0.019898 0.002480 0.000040 0.000000 0.233392 0.000398 0.003235 0.229665 0.000000 0.000000 0.009034 
569 0.013441 0.001152 0.000067 0.000000 0.000154 0.000589 0.000027 0.551672 0.012887 0.000164 0.000326 0.018136 0.000070 0.000162 0.000000 0.341833 0.000309 0.000637 0.072906 0.000000 0.000000 0.000061 
570 0.013463 0.001162 0.000039 0.000000 0.000326 0.000604 0.000011 0.524464 0.013496 0.000253 0.000248 0.025318 0.000047 0.000099 0.000000 0.370093 0.000604 0.000427 0.063727 0.000000 0.000000 0.000244 
571 0.011095 0.000830 0.000730 0.000000 0.003350 0.002206 0.000243 0.353429 0.067397 0.032868 0.000594 0.027420 0.001306 0.000000 0.000000 0.226337 0.000053 0.019402 0.231197 0.000627 0.000000 0.032840 
572 0.011619 0.000865 0.000593 0.000000 0.002627 0.002251 0.000038 0.377706 0.070738 0.021024 0.000000 0.022706 0.004751 0.000050 0.000000 0.241257 0.000190 0.006702 0.227012 0.000353 0.000000 0.022002 
576 0.009838 0.000773 0.000229 0.000000 0.017398 0.000468 0.000798 0.224387 0.047811 0.082612 0.000602 0.073488 0.001711 0.000000 0.000000 0.236187 0.000256 0.036345 0.218849 0.002904 0.000000 0.055954 
579 0.013155 0.001063 0.000334 0.000000 0.000238 0.000728 0.000167 0.502713 0.004160 0.000981 0.000179 0.021952 0.000310 0.000401 0.000000 0.337254 0.000079 0.000618 0.129834 0.000000 0.000000 0.000051 
582 0.013535 0.001188 0.000093 0.000000 0.000000 0.000151 0.000133 0.549785 0.004167 0.001240 0.000175 0.031884 0.000334 0.000123 0.000000 0.354227 0.000501 0.000462 0.056530 0.000062 0.000000 0.000131 
583 0.013230 0.001083 0.000285 0.000000 0.000080 0.000969 0.000080 0.503263 0.014985 0.000250 0.000338 0.019110 0.000368 0.000069 0.000000 0.350641 0.000086 0.000476 0.108808 0.000000 0.000000 0.000194 
584 0.011467 0.000854 0.000000 0.000000 0.003320 0.002209 0.000395 0.342781 0.071091 0.028646 0.000375 0.041283 0.002135 0.000068 0.000000 0.238560 0.000071 0.021718 0.232022 0.000608 0.000000 0.014715 
585 0.011068 0.000828 0.000672 0.000000 0.002946 0.003056 0.000369 0.349544 0.069034 0.033300 0.000397 0.021606 0.003031 0.000000 0.000000 0.235359 0.000072 0.022068 0.225028 0.000705 0.000000 0.032814 
586 0.012606 0.000954 0.000061 0.000000 0.001130 0.001399 0.000117 0.447677 0.051902 0.001627 0.000934 0.016925 0.000264 0.000133 0.000000 0.276402 0.000470 0.000384 0.200528 0.000000 0.000000 0.000047 
587 0.012813 0.000987 0.000182 0.000000 0.001040 0.000943 0.000042 0.469305 0.035277 0.000851 0.000525 0.022040 0.000270 0.000300 0.000000 0.294979 0.000512 0.000493 0.173220 0.000000 0.000000 0.000022 
588 0.013010 0.001028 0.000025 0.000000 0.001086 0.000464 0.000223 0.480995 0.019377 0.000940 0.000720 0.022951 0.000122 0.000093 0.000000 0.326338 0.000476 0.000445 0.145528 0.000000 0.000000 0.000218 
591 0.013297 0.001106 0.000282 0.000000 0.000579 0.000963 0.000115 0.494621 0.009127 0.001382 0.000033 0.023542 0.000355 0.000182 0.000000 0.371826 0.000421 0.000227 0.096309 0.000000 0.000000 0.000036 
593 0.010062 0.000782 0.000912 0.000000 0.011630 0.001839 0.001033 0.281982 0.053240 0.076668 0.001428 0.047762 0.005735 0.000000 0.000000 0.211431 0.000487 0.034760 0.220641 0.003052 0.000000 0.047400 
594 0.009553 0.000771 0.000299 0.000000 0.016571 0.001568 0.001007 0.180490 0.050509 0.078027 0.000686 0.079053 0.002481 0.000000 0.000000 0.248760 0.000464 0.039024 0.234501 0.003085 0.000000 0.063475 
595 0.011409 0.000850 0.000000 0.000000 0.003587 0.001238 0.000426 0.341880 0.078804 0.028207 0.000357 0.035836 0.001500 0.000083 0.000000 0.238440 0.000040 0.021510 0.230015 0.000618 0.000000 0.017457 
596 0.011257 0.000841 0.000080 0.000000 0.004122 0.001395 0.000414 0.320936 0.080350 0.034264 0.000199 0.032956 0.002957 0.000106 0.000000 0.244056 0.000000 0.021820 0.236414 0.000601 0.000000 0.019330 
597 0.009464 0.000770 0.001488 0.000000 0.019224 0.006002 0.001271 0.220865 0.062418 0.109344 0.001010 0.071870 0.006081 0.000000 0.000000 0.174464 0.000930 0.037052 0.235063 0.003861 0.000000 0.049057 
601 0.012874 0.000998 0.000076 0.000000 0.000355 0.001326 0.000166 0.479993 0.018424 0.001284 0.000070 0.014269 0.000336 0.000375 0.000000 0.308634 0.000000 0.001217 0.173143 0.000016 0.000000 0.000315 
602 0.012024 0.000895 0.000243 0.000000 0.000452 0.002565 0.000331 0.393839 0.059935 0.019079 0.000354 0.023188 0.001823 0.000000 0.000000 0.262712 0.000277 0.006691 0.219092 0.000152 0.000000 0.009268 
603 0.013722 0.001271 0.000107 0.000000 0.000408 0.000257 0.000160 0.528368 0.009562 0.001605 0.000252 0.031448 0.000277 0.000063 0.000000 0.414599 0.000751 0.000000 0.012094 0.000032 0.000000 0.000018 
604 0.013060 0.001040 0.000217 0.000000 0.000208 0.000735 0.000159 0.508573 0.015581 0.001273 0.000421 0.020170 0.000352 0.000269 0.000000 0.310577 0.000169 0.001195 0.140073 0.000000 0.000000 0.000031 
607 0.013752 0.001286 0.000176 0.000000 0.000386 0.000599 0.000105 0.577090 0.015561 0.000145 0.000178 0.044285 0.000574 0.000117 0.000000 0.351914 0.000477 0.000159 0.008116 0.000000 0.000000 0.000118 
608 0.013046 0.001036 0.000341 0.000000 0.000355 0.000878 0.000184 0.502531 0.014743 0.000939 0.000189 0.017868 0.000287 0.000365 0.000000 0.316561 0.000128 0.001025 0.143469 0.000000 0.000000 0.000137 
609 0.013642 0.001232 0.000090 0.000000 0.000000 0.000044 0.000127 0.595492 0.004756 0.001098 0.000208 0.021977 0.000303 0.000119 0.000000 0.334549 0.000466 0.000464 0.040132 0.000043 0.000000 0.000132 
610 0.012660 0.000962 0.000072 0.000000 0.000985 0.001361 0.000087 0.462529 0.057175 0.000922 0.000922 0.017694 0.000099 0.000159 0.000000 0.268089 0.000496 0.000235 0.189166 0.000000 0.000000 0.000010 
611 0.012793 0.000983 0.000130 0.000000 0.001443 0.000789 0.000088 0.467024 0.035173 0.000700 0.000304 0.020620 0.000311 0.000304 0.000000 0.294314 0.000438 0.000622 0.177633 0.000000 0.000000 0.000106 
615 0.010660 0.000807 0.000400 0.000000 0.007383 0.006004 0.001268 0.303729 0.060707 0.092247 0.000563 0.049168 0.002318 0.000000 0.000000 0.206569 0.000649 0.013536 0.222267 0.000383 0.000000 0.032809 
618 0.013811 0.001305 0.000087 0.000000 0.000344 0.000224 0.000097 0.569147 0.004563 0.001339 0.000126 0.031159 0.000356 0.000000 0.000000 0.389367 0.000413 0.000373 0.002233 0.000028 0.000000 0.000142 
619 0.013535 0.001188 0.000093 0.000000 0.000000 0.000151 0.000133 0.549785 0.004167 0.001240 0.000175 0.031884 0.000334 0.000123 0.000000 0.354227 0.000501 0.000462 0.056530 0.000062 0.000000 0.000131 
620 0.012773 0.000980 0.000016 0.000000 0.001151 0.001033 0.000108 0.458138 0.033515 0.001575 0.000673 0.017894 0.000277 0.000136 0.000000 0.303384 0.000477 0.000406 0.181160 0.000000 0.000000 0.000058 
621 0.013749 0.001282 0.000237 0.000000 0.000421 0.000829 0.000102 0.562131 0.000254 0.000666 0.000588 0.030507 0.000596 0.000071 0.000000 0.388656 0.000784 0.000521 0.013394 0.000000 0.000000 0.000244 
622 0.013696 0.001261 0.000205 0.000000 0.000352 0.000688 0.000127 0.570820 0.014231 0.000556 0.000224 0.035053 0.000472 0.000116 0.000000 0.357529 0.000535 0.000377 0.018565 0.000000 0.000000 0.000150 
623 0.013736 0.001278 0.000267 0.000000 0.000348 0.000791 0.000153 0.547484 0.009693 0.000504 0.000143 0.058787 0.000531 0.000111 0.000000 0.369928 0.000499 0.000160 0.010498 0.000000 0.000000 0.000104 
626 0.010644 0.000805 0.000344 0.000000 0.005685 0.005757 0.001136 0.309381 0.062544 0.089291 0.000554 0.046503 0.003030 0.000000 0.000000 0.205558 0.000664 0.016723 0.218604 0.000377 0.000000 0.033848 
627 0.012733 0.000974 0.000029 0.000000 0.001281 0.001546 0.000134 0.470098 0.038818 0.001441 0.000888 0.015351 0.000161 0.000184 0.000000 0.283248 0.000574 0.000319 0.185881 0.000000 0.000000 0.000047 
629 0.013133 0.001058 0.000313 0.000000 0.000607 0.000023 0.000150 0.481261 0.001734 0.001354 0.000105 0.022125 0.000386 0.000190 0.000000 0.356978 0.000452 0.000322 0.133935 0.000000 0.000000 0.000067 
630 0.010947 0.000822 0.000860 0.000000 0.001718 0.003198 0.000423 0.354924 0.062065 0.036780 0.000435 0.024014 0.002370 0.000000 0.000000 0.230458 0.000169 0.024943 0.219006 0.000865 0.000000 0.037772 
631 0.013780 0.001299 0.000090 0.000000 0.000324 0.000881 0.000036 0.578750 0.018530 0.000582 0.000139 0.024031 0.000059 0.000087 0.000000 0.374758 0.000578 0.000365 0.000589 0.000000 0.000000 0.000203 
635 0.009428 0.000769 0.001539 0.000000 0.014314 0.007923 0.000905 0.254899 0.054312 0.089939 0.000883 0.068178 0.006755 0.000000 0.000000 0.165584 0.000809 0.035628 0.228990 0.002535 0.000000 0.066807 
636 0.009804 0.000774 0.000829 0.000000 0.014901 0.001088 0.000809 0.214078 0.049091 0.082620 0.000568 0.071699 0.001262 0.000000 0.000000 0.246138 0.000071 0.035963 0.220783 0.002913 0.000000 0.057186 
637 0.012955 0.001015 0.000059 0.000000 0.000525 0.000994 0.000130 0.500361 0.030810 0.001360 0.000576 0.011246 0.000041 0.000104 0.000000 0.300698 0.000295 0.000582 0.152154 0.000000 0.000000 0.000065 
639 0.012074 0.000900 0.000588 0.000000 0.000801 0.001095 0.000196 0.409574 0.059989 0.023681 0.000444 0.013820 0.000355 0.000000 0.000000 0.264223 0.000363 0.007386 0.209654 0.000077 0.000000 0.007755 
641 0.011067 0.000828 0.000354 0.000000 0.002287 0.002672 0.000567 0.339089 0.071278 0.039300 0.000481 0.019637 0.001782 0.000000 0.000000 0.238188 0.000402 0.023983 0.231719 0.000773 0.000000 0.027487 
642 0.013523 0.001182 0.000148 0.000000 0.000215 0.000109 0.000082 0.535006 0.004695 0.001282 0.000170 0.033774 0.000355 0.000145 0.000000 0.365520 0.000333 0.000552 0.057535 0.000000 0.000000 0.000079 
646 0.011067 0.000828 0.000354 0.000000 0.002287 0.002672 0.000567 0.339089 0.071278 0.039300 0.000481 0.019637 0.001782 0.000000 0.000000 0.238188 0.000402 0.023983 0.231719 0.000773 0.000000 0.027487 
647 0.010327 0.000792 0.000243 0.000000 0.006523 0.001709 0.001200 0.307194 0.064078 0.075881 0.000861 0.024628 0.001356 0.000000 0.000000 0.222988 0.000724 0.021312 0.218816 0.000720 0.000000 0.051766 
648 0.013619 0.001223 0.000090 0.000000 0.000000 0.000036 0.000128 0.581248 0.004671 0.001200 0.000210 0.029759 0.000303 0.000121 0.000000 0.338487 0.000478 0.000472 0.042613 0.000050 0.000000 0.000134 
650 0.013379 0.001130 0.000129 0.000000 0.000362 0.000370 0.000051 0.503508 0.005818 0.001328 0.000118 0.029498 0.000185 0.000148 0.000000 0.374302 0.000245 0.000630 0.083224 0.000000 0.000000 0.000082 
652 0.013616 0.001226 0.000089 0.000000 0.000136 0.000252 0.000120 0.617318 0.004960 0.000932 0.000203 0.023657 0.000280 0.000121 0.000000 0.303412 0.000540 0.000477 0.047332 0.000000 0.000000 0.000171 
657 0.013635 0.001236 0.000149 0.000000 0.000402 0.000433 0.000083 0.546038 0.015744 0.000434 0.000222 0.049116 0.000425 0.000126 0.000000 0.358516 0.000667 0.000297 0.027202 0.000000 0.000000 0.000143 
658 0.010472 0.000798 0.000247 0.000000 0.008391 0.001694 0.001990 0.303826 0.063343 0.068374 0.001069 0.024341 0.001274 0.000000 0.000000 0.229667 0.001168 0.032558 0.222621 0.000962 0.000000 0.038473 
659 0.012690 0.000967 0.000063 0.000000 0.001054 0.001266 0.000095 0.459913 0.049873 0.001320 0.000975 0.016548 0.000085 0.000169 0.000000 0.281275 0.000535 0.000388 0.186397 0.000000 0.000000 0.000043 
660 0.012448 0.000936 0.000346 0.000000 0.002211 0.000990 0.000155 0.433775 0.049391 0.005378 0.000594 0.018534 0.000352 0.000149 0.000000 0.269224 0.000326 0.001496 0.215231 0.000000 0.000000 0.001848 
662 0.012567 0.000949 0.000030 0.000000 0.001658 0.001366 0.000111 0.439597 0.056916 0.001621 0.000938 0.020907 0.000267 0.000239 0.000000 0.272214 0.000464 0.000313 0.203273 0.000000 0.000000 0.000086 
665 0.010294 0.000790 0.000166 0.000000 0.018646 0.002641 0.000992 0.259832 0.034561 0.079912 0.000592 0.072548 0.003637 0.000000 0.000000 0.233766 0.000251 0.034605 0.215303 0.002304 0.000000 0.040246 
666 0.012813 0.000987 0.000182 0.000000 0.001040 0.000943 0.000042 0.469305 0.035277 0.000851 0.000525 0.022040 0.000270 0.000300 0.000000 0.294979 0.000512 0.000493 0.173220 0.000000 0.000000 0.000022 
667 0.011090 0.000830 0.001048 0.000000 0.005814 0.001348 0.000423 0.362979 0.056843 0.047148 0.000882 0.031138 0.002264 0.000000 0.000000 0.221978 0.000267 0.020937 0.215343 0.000325 0.000000 0.031261 
668 0.013773 0.001292 0.000090 0.000000 0.000359 0.000896 0.000050 0.581955 0.011407 0.000444 0.000309 0.026378 0.000184 0.000084 0.000000 0.369993 0.000457 0.000444 0.006735 0.000000 0.000000 0.000214 
669 0.008740 0.000763 0.001126 0.000000 0.009415 0.008561 0.001242 0.219639 0.052161 0.101641 0.006391 0.040178 0.005668 0.000000 0.000000 0.173739 0.000710 0.070142 0.238943 0.002993 0.000000 0.067452 
670 0.013329 0.001116 0.000087 0.000000 0.000208 0.000923 0.000022 0.524210 0.017877 0.000643 0.000337 0.017141 0.000269 0.000127 0.000000 0.349059 0.000278 0.000766 0.088001 0.000000 0.000000 0.000053 
671 0.013231 0.001084 0.000141 0.000000 0.000080 0.000776 0.000104 0.497390 0.007135 0.000968 0.000288 0.021955 0.000325 0.000160 0.000000 0.357151 0.000350 0.000345 0.112743 0.000000 0.000000 0.000089 
672 0.012317 0.000922 0.000241 0.000000 0.000074 0.002007 0.000209 0.419354 0.055930 0.001422 0.000105 0.012868 0.000656 0.000097 0.000000 0.269107 0.000451 0.002173 0.230285 0.000000 0.000000 0.005020 
673 0.011944 0.000889 0.000595 0.000000 0.000611 0.000040 0.000353 0.378440 0.063120 0.022701 0.000000 0.034326 0.001138 0.000064 0.000000 0.260193 0.000293 0.012266 0.217633 0.000181 0.000000 0.008046 
674 0.013701 0.001264 0.000085 0.000000 0.000053 0.000266 0.000122 0.526046 0.015075 0.000552 0.000218 0.034656 0.000321 0.000168 0.000000 0.408302 0.000584 0.000798 0.012722 0.000000 0.000000 0.000034 
677 0.012635 0.000958 0.000062 0.000000 0.001144 0.001416 0.000119 0.453196 0.040213 0.001647 0.000945 0.017134 0.000268 0.000135 0.000000 0.279809 0.000475 0.000389 0.203000 0.000000 0.000000 0.000047 
679 0.010208 0.000787 0.001609 0.000000 0.009244 0.002757 0.001436 0.283432 0.070440 0.066393 0.000598 0.037030 0.003629 0.000000 0.000000 0.217267 0.000433 0.031735 0.223852 0.000713 0.000000 0.049432 
681 0.012351 0.000925 0.000110 0.000000 0.001900 0.001083 0.000000 0.417396 0.054753 0.014164 0.000877 0.030456 0.000358 0.000149 0.000000 0.259148 0.000336 0.003310 0.215657 0.000035 0.000000 0.000270 
682 0.012643 0.000960 0.000104 0.000000 0.000995 0.000329 0.000095 0.456205 0.044900 0.002440 0.000942 0.022305 0.000252 0.000076 0.000000 0.272820 0.000544 0.000259 0.197501 0.000000 0.000000 0.000234 
683 0.012606 0.000954 0.000061 0.000000 0.001130 0.001399 0.000117 0.447677 0.051902 0.001627 0.000934 0.016925 0.000264 0.000133 0.000000 0.276402 0.000470 0.000384 0.200528 0.000000 0.000000 0.000047 
684 0.013454 0.001157 0.000045 0.000000 0.000224 0.000214 0.000109 0.523752 0.005560 0.001195 0.000433 0.032051 0.000347 0.000237 0.000000 0.365310 0.000240 0.000432 0.069713 0.000000 0.000000 0.000137 
686 0.008914 0.000764 0.003017 0.000000 0.008951 0.008128 0.001195 0.249943 0.051726 0.086069 0.005977 0.043310 0.006199 0.000000 0.000000 0.169420 0.000717 0.060133 0.230284 0.004060 0.000000 0.070872 
690 0.013265 0.001094 0.000159 0.000000 0.000065 0.000591 0.000096 0.500319 0.014230 0.000850 0.000187 0.019293 0.000182 0.000078 0.000000 0.361596 0.000160 0.000918 0.101143 0.000000 0.000000 0.000132 
691 0.011306 0.000843 0.000101 0.000000 0.005400 0.002399 0.000080 0.369528 0.068258 0.035281 0.000494 0.030429 0.003142 0.000000 0.000000 0.209999 0.000175 0.014491 0.236915 0.001090 0.000000 0.022219 
693 0.010089 0.000785 0.002888 0.000000 0.009129 0.004987 0.001020 0.268055 0.058058 0.099791 0.000645 0.061803 0.002835 0.000000 0.000000 0.194663 0.000708 0.037740 0.217864 0.000526 0.000000 0.039290 
694 0.011978 0.000892 0.000288 0.000000 0.000382 0.001610 0.000210 0.393688 0.062581 0.012236 0.000374 0.028402 0.001158 0.000000 0.000000 0.247833 0.000316 0.006309 0.233667 0.000301 0.000000 0.010645 
695 0.013298 0.001104 0.000135 0.000000 0.000490 0.000651 0.000068 0.488998 0.005079 0.001384 0.000053 0.029412 0.000169 0.000146 0.000000 0.373630 0.000143 0.000651 0.098904 0.000000 0.000000 0.000087 
696 0.012289 0.000920 0.000364 0.000000 0.001697 0.001398 0.000164 0.419758 0.051877 0.015053 0.000400 0.013172 0.000196 0.000060 0.000000 0.271738 0.000775 0.001281 0.217712 0.000000 0.000000 0.004354 
697 0.012123 0.000905 0.000542 0.000000 0.002914 0.002877 0.000074 0.425769 0.054409 0.015653 0.000340 0.015608 0.002851 0.000042 0.000000 0.239710 0.000080 0.003205 0.229108 0.000000 0.000000 0.006818 
698 0.012853 0.000995 0.000009 0.000000 0.001026 0.000753 0.000092 0.472578 0.034379 0.001519 0.000740 0.017931 0.000293 0.000139 0.000000 0.303756 0.000581 0.000384 0.165766 0.000000 0.000000 0.000053 
699 0.011100 0.000829 0.000038 0.000000 0.002641 0.000843 0.000032 0.310698 0.069211 0.051914 0.000958 0.034647 0.002825 0.000000 0.000000 0.259531 0.000240 0.014437 0.222567 0.000720 0.000000 0.028697 
701 0.011782 0.000875 0.000249 0.000000 0.000496 0.002264 0.000254 0.393072 0.057667 0.029578 0.000305 0.027278 0.001699 0.000000 0.000000 0.244899 0.000261 0.006679 0.218062 0.000239 0.000000 0.016996 
702 0.013230 0.001083 0.000285 0.000000 0.000080 0.000969 0.000080 0.503263 0.014985 0.000250 0.000338 0.019110 0.000368 0.000069 0.000000 0.350641 0.000086 0.000476 0.108808 0.000000 0.000000 0.000194 
706 0.010208 0.000787 0.001609 0.000000 0.009244 0.002757 0.001436 0.283432 0.070440 0.066393 0.000598 0.037030 0.003629 0.000000 0.000000 0.217267 0.000433 0.031735 0.223852 0.000713 0.000000 0.049432 
707 0.012061 0.000899 0.000327 0.000000 0.005218 0.002030 0.000263 0.393645 0.064657 0.024002 0.000485 0.014624 0.000444 0.000000 0.000000 0.263599 0.000213 0.006633 0.219945 0.000269 0.000000 0.003644 
709 0.010083 0.000783 0.001021 0.000000 0.013966 0.004022 0.001667 0.285214 0.055532 0.075562 0.000861 0.036816 0.003762 0.000000 0.000000 0.215206 0.000530 0.030879 0.223650 0.002878 0.000000 0.048435 
710 0.009947 0.000778 0.000402 0.000000 0.019049 0.000832 0.000088 0.223551 0.045974 0.077851 0.000532 0.094004 0.002369 0.000000 0.000000 0.230248 0.000398 0.035014 0.212398 0.002786 0.000000 0.054503 
711 0.012004 0.000895 0.000172 0.000000 0.004872 0.002644 0.000282 0.392124 0.063250 0.014975 0.000450 0.019171 0.000458 0.000000 0.000000 0.263372 0.000206 0.006234 0.221887 0.000584 0.000000 0.009317 
715 0.009783 0.000772 0.000370 0.000000 0.010568 0.000039 0.000955 0.236175 0.046268 0.098051 0.000647 0.059571 0.002196 0.000000 0.000000 0.229086 0.000369 0.037039 0.223201 0.003306 0.000000 0.052160 
716 0.013659 0.001245 0.000200 0.000000 0.000643 0.000943 0.000149 0.524238 0.010108 0.000640 0.000064 0.061563 0.000497 0.000128 0.000000 0.377136 0.000539 0.000309 0.022728 0.000000 0.000000 0.000115 
717 0.013334 0.001117 0.000153 0.000000 0.000000 0.001259 0.000126 0.509103 0.009136 0.001178 0.000181 0.026855 0.000275 0.000064 0.000000 0.360913 0.000461 0.000349 0.089730 0.000033 0.000000 0.000185 
718 0.013417 0.001143 0.000092 0.000000 0.000045 0.000301 0.000161 0.535786 0.003743 0.001389 0.000153 0.029921 0.000296 0.000119 0.000000 0.347051 0.000469 0.000503 0.079843 0.000000 0.000000 0.000129 
719 0.011810 0.000878 0.000274 0.000000 0.000630 0.002831 0.000237 0.398966 0.059966 0.024450 0.000329 0.022236 0.001271 0.000000 0.000000 0.245658 0.000241 0.007456 0.218285 0.000254 0.000000 0.016916 
720 0.011734 0.000872 0.000335 0.000000 0.000729 0.002048 0.000229 0.385360 0.060087 0.023647 0.000337 0.026902 0.000882 0.000000 0.000000 0.243548 0.000231 0.014053 0.226977 0.000385 0.000000 0.014249 
722 0.010944 0.000822 0.000223 0.000000 0.004284 0.001665 0.001078 0.344798 0.068648 0.045958 0.000561 0.024443 0.001180 0.000000 0.000000 0.228418 0.001064 0.021572 0.220668 0.000781 0.000000 0.034661 
723 0.013582 0.001210 0.000095 0.000000 0.000265 0.000699 0.000065 0.548458 0.015407 0.000536 0.000239 0.025471 0.000122 0.000090 0.000000 0.367587 0.000555 0.000435 0.039743 0.000000 0.000000 0.000232 
724 0.013133 0.001058 0.000313 0.000000 0.000607 0.000023 0.000150 0.481261 0.001734 0.001354 0.000105 0.022125 0.000386 0.000190 0.000000 0.356978 0.000452 0.000322 0.133935 0.000000 0.000000 0.000067 
725 0.010644 0.000805 0.000344 0.000000 0.005685 0.005757 0.001136 0.309381 0.062544 0.089291 0.000554 0.046503 0.003030 0.000000 0.000000 0.205558 0.000664 0.016723 0.218604 0.000377 0.000000 0.033848 
726 0.012869 0.000998 0.000198 0.000000 0.000944 0.001368 0.000171 0.463937 0.031652 0.000525 0.000183 0.027564 0.000318 0.000300 0.000000 0.308342 0.000285 0.001008 0.162988 0.000000 0.000000 0.000218 
729 0.011134 0.000833 0.000693 0.000000 0.002875 0.006545 0.000711 0.368837 0.062579 0.031143 0.000094 0.007626 0.003579 0.000000 0.000000 0.232798 0.000113 0.022081 0.229071 0.000531 0.000000 0.030726 
731 0.011809 0.000877 0.000272 0.000000 0.000457 0.002566 0.000267 0.397840 0.059072 0.026848 0.000332 0.020949 0.001687 0.000000 0.000000 0.246257 0.000248 0.006712 0.219935 0.000164 0.000000 0.016392 
735 0.011809 0.000877 0.000272 0.000000 0.000457 0.002566 0.000267 0.397840 0.059072 0.026848 0.000332 0.020949 0.001687 0.000000 0.000000 0.246257 0.000248 0.006712 0.219935 0.000164 0.000000 0.016392 
738 0.010780 0.000813 0.000961 0.000000 0.005163 0.002773 0.001304 0.307087 0.070114 0.061137 0.000781 0.039388 0.003352 0.000000 0.000000 0.227310 0.000488 0.022964 0.224889 0.000841 0.000000 0.031448 
739 0.013508 0.001175 0.000088 0.000000 0.000047 0.000000 0.000141 0.551584 0.003057 0.001006 0.000087 0.028025 0.000316 0.000136 0.000000 0.350055 0.000464 0.000398 0.064418 0.000058 0.000000 0.000120 
742 0.011735 0.000873 0.000337 0.000000 0.000902 0.002312 0.000198 0.386473 0.060981 0.021249 0.000334 0.028194 0.000465 0.000000 0.000000 0.242948 0.000224 0.014804 0.225336 0.000474 0.000000 0.014771 
744 0.011203 0.000838 0.001686 0.000000 0.007901 0.001281 0.000505 0.366990 0.058187 0.044553 0.000746 0.031459 0.003284 0.000000 0.000000 0.215477 0.000278 0.020287 0.222870 0.000335 0.000000 0.024161 
745 0.011955 0.000890 0.000760 0.000000 0.004686 0.002602 0.000000 0.398096 0.057875 0.026647 0.000420 0.018345 0.002757 0.000027 0.000000 0.240878 0.000307 0.001254 0.237870 0.000066 0.000000 0.007412 
747 0.012530 0.000945 0.000065 0.000000 0.001360 0.001360 0.000116 0.445771 0.057696 0.001709 0.000955 0.017757 0.000275 0.000288 0.000000 0.260927 0.000465 0.000391 0.210782 0.000000 0.000000 0.000083 
750 0.013523 0.001182 0.000148 0.000000 0.000215 0.000109 0.000082 0.535006 0.004695 0.001282 0.000170 0.033774 0.000355 0.000145 0.000000 0.365520 0.000333 0.000552 0.057535 0.000000 0.000000 0.000079 
751 0.009817 0.000776 0.001540 0.000000 0.014532 0.005272 0.000906 0.249033 0.054506 0.077293 0.001083 0.055129 0.005162 0.000000 0.000000 0.218372 0.000693 0.033936 0.224622 0.003442 0.000000 0.054477 
752 0.011637 0.000865 0.000667 0.000000 0.001220 0.001287 0.000387 0.375458 0.061060 0.028672 0.000396 0.029001 0.000977 0.000000 0.000000 0.254000 0.000125 0.015377 0.211806 0.000135 0.000000 0.019431 
753 0.009101 0.000766 0.001868 0.000000 0.018012 0.008337 0.001620 0.180523 0.070924 0.101087 0.001105 0.069289 0.009123 0.000000 0.000000 0.229879 0.001180 0.051904 0.185583 0.005417 0.000000 0.064150 
757 0.011067 0.000828 0.000354 0.000000 0.002287 0.002672 0.000567 0.339089 0.071278 0.039300 0.000481 0.019637 0.001782 0.000000 0.000000 0.238188 0.000402 0.023983 0.231719 0.000773 0.000000 0.027487 
759 0.013360 0.001124 0.000154 0.000000 0.000423 0.000862 0.000112 0.504922 0.003573 0.000745 0.000159 0.019638 0.000328 0.000090 0.000000 0.378875 0.000527 0.000367 0.089065 0.000000 0.000000 0.000160 
762 0.012329 0.000922 0.000136 0.000000 0.000281 0.002026 0.000204 0.421612 0.065129 0.001339 0.000009 0.012604 0.000625 0.000161 0.000000 0.264233 0.000389 0.002554 0.224365 0.000000 0.000000 0.004333 
764 0.010582 0.000803 0.001802 0.000000 0.005008 0.005541 0.000591 0.308480 0.060782 0.084610 0.000415 0.044759 0.001901 0.000000 0.000000 0.203776 0.000517 0.021611 0.226069 0.000375 0.000000 0.033762 
765 0.013069 0.001041 0.000243 0.000000 0.000368 0.000469 0.000103 0.489111 0.015241 0.000518 0.000194 0.024458 0.000128 0.000228 0.000000 0.328372 0.000634 0.000145 0.139700 0.000000 0.000000 0.000088 
766 0.012986 0.001022 0.000296 0.000000 0.000360 0.000078 0.000078 0.486968 0.027192 0.000585 0.000258 0.025664 0.000299 0.000281 0.000000 0.309635 0.000501 0.000648 0.147114 0.000000 0.000000 0.000043 
767 0.013357 0.001121 0.000080 0.000000 0.000101 0.000035 0.000132 0.509135 0.000153 0.000935 0.000204 0.031568 0.000253 0.000145 0.000000 0.363228 0.000486 0.000373 0.093038 0.000000 0.000000 0.000134 
768 0.013552 0.001196 0.000100 0.000000 0.000154 0.000286 0.000136 0.566456 0.005620 0.001056 0.000230 0.026801 0.000317 0.000137 0.000000 0.343739 0.000612 0.000540 0.053623 0.000000 0.000000 0.000194 
769 0.013736 0.001278 0.000267 0.000000 0.000348 0.000791 0.000153 0.547484 0.009693 0.000504 0.000143 0.058787 0.000531 0.000111 0.000000 0.369928 0.000499 0.000160 0.010498 0.000000 0.000000 0.000104 
770 0.010208 0.000787 0.001609 0.000000 0.009244 0.002757 0.001436 0.283432 0.070440 0.066393 0.000598 0.037030 0.003629 0.000000 0.000000 0.217267 0.000433 0.031735 0.223852 0.000713 0.000000 0.049432 
774 0.011475 0.000855 0.001004 0.000000 0.001025 0.001904 0.000022 0.379994 0.053549 0.039363 0.000270 0.029167 0.000392 0.000000 0.000000 0.244206 0.000215 0.021679 0.205962 0.000323 0.000000 0.020924 
775 0.013160 0.001064 0.000332 0.000000 0.000237 0.000724 0.000166 0.505397 0.004138 0.000976 0.000178 0.021834 0.000308 0.000399 0.000000 0.335434 0.000079 0.000615 0.129134 0.000000 0.000000 0.000051 
776 0.011616 0.000864 0.000266 0.000000 0.003810 0.003383 0.000068 0.377788 0.064460 0.022460 0.000218 0.020164 0.004085 0.000000 0.000000 0.244382 0.000174 0.003595 0.231474 0.000316 0.000000 0.023358 
777 0.012253 0.000916 0.000199 0.000000 0.000252 0.001807 0.000176 0.408317 0.068055 0.001396 0.000386 0.013192 0.000597 0.000118 0.000000 0.262934 0.000414 0.002187 0.235439 0.000000 0.000000 0.004530 
779 0.012394 0.000931 0.000331 0.000000 0.003561 0.001899 0.000000 0.443749 0.061766 0.003239 0.000497 0.013462 0.000622 0.000162 0.000000 0.252540 0.000172 0.001783 0.212791 0.000105 0.000000 0.003322 
784 0.009581 0.000772 0.001131 0.000000 0.009829 0.006450 0.001173 0.247337 0.047804 0.087696 0.000724 0.074107 0.006245 0.000000 0.000000 0.209337 0.000715 0.038759 0.198589 0.003233 0.000000 0.066870 
791 0.013441 0.001152 0.000067 0.000000 0.000154 0.000589 0.000027 0.551672 0.012887 0.000164 0.000326 0.018136 0.000070 0.000162 0.000000 0.341833 0.000309 0.000637 0.072906 0.000000 0.000000 0.000061 
794 0.012689 0.000965 0.000342 0.000000 0.000653 0.000858 0.000140 0.442441 0.047403 0.000512 0.000008 0.027121 0.000329 0.000283 0.000000 0.290416 0.000344 0.000823 0.188120 0.000000 0.000000 0.000208 
795 0.013469 0.001163 0.000100 0.000000 0.000023 0.000373 0.000126 0.523310 0.006931 0.001772 0.000232 0.030310 0.000263 0.000118 0.000000 0.370090 0.000446 0.000000 0.065727 0.000045 0.000000 0.000135 
796 0.012475 0.000938 0.000329 0.000000 0.000312 0.001116 0.000195 0.435035 0.052345 0.001512 0.000417 0.008846 0.000529 0.000063 0.000000 0.278520 0.000467 0.001223 0.216990 0.000000 0.000000 0.002103 
797 0.012053 0.000899 0.000557 0.000000 0.002304 0.002780 0.000000 0.383096 0.049677 0.025874 0.000760 0.033008 0.002865 0.000056 0.000000 0.267391 0.000214 0.000321 0.222606 0.000046 0.000000 0.008446 
798 0.011382 0.000848 0.000856 0.000000 0.002164 0.001160 0.000152 0.350085 0.059383 0.037823 0.000314 0.025042 0.001624 0.000000 0.000000 0.256481 0.000106 0.025078 0.221071 0.000410 0.000000 0.018253 
799 0.012253 0.000916 0.000199 0.000000 0.000252 0.001807 0.000176 0.408317 0.068055 0.001396 0.000386 0.013192 0.000597 0.000118 0.000000 0.262934 0.000414 0.002187 0.235439 0.000000 0.000000 0.004530 
