2 0.010676 0.000813 0.000793 0.000000 0.016985 0.004249 0.001413 0.344416 0.052445 0.041096 0.000646 0.012847 0.004997 0.000324 0.000000 0.225165 0.002232 0.025279 0.222833 0.000000 0.000000 0.044283 
3 0.010368 0.000803 0.000940 0.000000 0.018840 0.007982 0.003081 0.334690 0.063811 0.043261 0.000693 0.009710 0.002006 0.001405 0.000000 0.203936 0.001457 0.026747 0.228970 0.000000 0.000000 0.052471 
4 0.012738 0.000975 0.000271 0.000000 0.001023 0.000026 0.000188 0.464903 0.028835 0.000685 0.000368 0.006923 0.000953 0.000272 0.000000 0.304534 0.000172 0.000954 0.188576 0.000000 0.000000 0.001317 
8 0.011798 0.000880 0.000088 0.000000 0.002845 0.000133 0.000497 0.374556 0.047001 0.024944 0.001005 0.020060 0.001666 0.000639 0.000000 0.268489 0.000284 0.005647 0.236730 0.000000 0.000000 0.015416 
11 0.012444 0.000935 0.000113 0.000000 0.001655 0.000092 0.000487 0.428250 0.063959 0.000605 0.000773 0.006415 0.001374 0.000268 0.000000 0.272619 0.000179 0.000705 0.221708 0.000000 0.000000 0.000799 
12 0.010767 0.000818 0.000522 0.000000 0.014594 0.004125 0.001297 0.346955 0.066972 0.040512 0.000288 0.012891 0.006516 0.000227 0.000000 0.214546 0.002421 0.015900 0.229270 0.000000 0.000000 0.042965 
16 0.013377 0.001131 0.000206 0.000000 0.000427 0.000467 0.000445 0.518563 0.006624 0.001022 0.000045 0.019892 0.000388 0.000301 0.000000 0.366672 0.000076 0.000186 0.084119 0.000000 0.000000 0.000566 
18 0.011166 0.000838 0.000193 0.000000 0.005470 0.004468 0.004280 0.338016 0.055210 0.041765 0.001244 0.014936 0.002259 0.000126 0.000000 0.254211 0.000846 0.013291 0.234070 0.000000 0.000000 0.029615 
20 0.013018 0.001030 0.000051 0.000000 0.000277 0.000397 0.000271 0.493780 0.015950 0.000986 0.000166 0.030362 0.001272 0.000189 0.000000 0.308496 0.000315 0.000766 0.146229 0.000000 0.000000 0.000492 
24 0.013114 0.001055 0.000105 0.000000 0.000246 0.000396 0.000282 0.519475 0.017380 0.001353 0.000146 0.027380 0.000859 0.000268 0.000000 0.302002 0.000199 0.000529 0.128896 0.000000 0.000000 0.000484 
26 0.013805 0.001311 0.000577 0.000000 0.001657 0.000422 0.000589 0.588150 0.005217 0.000983 0.000170 0.014363 0.000473 0.000398 0.000000 0.384834 0.000147 0.000143 0.001383 0.000000 0.000000 0.000494 
27 0.013357 0.001125 0.000327 0.000000 0.000137 0.000481 0.000159 0.493424 0.007533 0.000029 0.000204 0.025642 0.001833 0.000196 0.000000 0.383728 0.000244 0.000261 0.085678 0.000000 0.000000 0.000126 
28 0.012609 0.000956 0.000155 0.000000 0.001780 0.000324 0.000190 0.454204 0.062981 0.001005 0.000735 0.005212 0.001967 0.000318 0.000000 0.279001 0.000213 0.001404 0.190431 0.000000 0.000000 0.000080 
31 0.011310 0.000847 0.000647 0.000000 0.003386 0.004483 0.000768 0.349120 0.066809 0.030064 0.001088 0.020444 0.002418 0.000132 0.000000 0.247001 0.001253 0.008604 0.234879 0.000000 0.000000 0.028904 
32 0.010528 0.000806 0.000137 0.000000 0.010276 0.001001 0.002237 0.329226 0.062716 0.041592 0.001827 0.013424 0.004798 0.001049 0.000000 0.225979 0.000002 0.020251 0.232037 0.000000 0.000000 0.053446 
33 0.013805 0.001311 0.000577 0.000000 0.001657 0.000422 0.000589 0.588150 0.005217 0.000983 0.000170 0.014363 0.000473 0.000398 0.000000 0.384834 0.000147 0.000143 0.001383 0.000000 0.000000 0.000494 
34 0.012526 0.000945 0.000215 0.000000 0.001497 0.000075 0.000512 0.454309 0.046531 0.000547 0.000561 0.005008 0.001080 0.000420 0.000000 0.267109 0.000171 0.000951 0.220432 0.000000 0.000000 0.000582 
39 0.013364 0.001127 0.000376 0.000000 0.000614 0.000414 0.000075 0.520531 0.003582 0.000615 0.000440 0.017196 0.000730 0.000281 0.000000 0.365949 0.000152 0.000245 0.088483 0.000000 0.000000 0.000318 
41 0.012396 0.000930 0.000118 0.000000 0.001856 0.000120 0.000042 0.426435 0.064138 0.000363 0.000863 0.007201 0.001372 0.000513 0.000000 0.264698 0.000044 0.001030 0.230495 0.000000 0.000000 0.000714 
42 0.013320 0.001114 0.000352 0.000000 0.000322 0.000281 0.000229 0.526462 0.022750 0.000307 0.000412 0.002725 0.000644 0.000115 0.000000 0.356837 0.000114 0.000381 0.087863 0.000000 0.000000 0.000205 
43 0.009755 0.000784 0.002084 0.000000 0.013836 0.005618 0.002008 0.270765 0.053335 0.062315 0.003342 0.029051 0.008309 0.002077 0.000000 0.220721 0.002038 0.046201 0.217795 0.000000 0.000000 0.060505 
45 0.010368 0.000803 0.000940 0.000000 0.018840 0.007982 0.003081 0.334690 0.063811 0.043261 0.000693 0.009710 0.002006 0.001405 0.000000 0.203936 0.001457 0.026747 0.228970 0.000000 0.000000 0.052471 
46 0.012873 0.001000 0.000396 0.000000 0.000953 0.000068 0.000364 0.497962 0.039575 0.000665 0.000354 0.011904 0.000399 0.000139 0.000000 0.285243 0.000203 0.000633 0.160417 0.000000 0.000000 0.000724 
47 0.012738 0.000975 0.000271 0.000000 0.001023 0.000026 0.000188 0.464903 0.028835 0.000685 0.000368 0.006923 0.000953 0.000272 0.000000 0.304534 0.000172 0.000954 0.188576 0.000000 0.000000 0.001317 
50 0.013771 0.001295 0.000366 0.000000 0.001294 0.000078 0.000090 0.629778 0.011301 0.000899 0.000383 0.007756 0.000249 0.000119 0.000000 0.334713 0.000092 0.000304 0.012314 0.000000 0.000000 0.000264 
52 0.013190 0.001073 0.000258 0.000000 0.000301 0.000459 0.000528 0.496144 0.010442 0.000909 0.000065 0.014721 0.000379 0.000309 0.000000 0.356274 0.000084 0.000291 0.118451 0.000000 0.000000 0.000386 
53 0.013195 0.001076 0.000209 0.000000 0.000508 0.000307 0.001090 0.517330 0.011097 0.000928 0.000183 0.022930 0.000210 0.000261 0.000000 0.326320 0.000184 0.000305 0.117621 0.000000 0.000000 0.000517 
54 0.013203 0.001078 0.000044 0.000000 0.000663 0.000301 0.001105 0.503727 0.019797 0.000855 0.000242 0.004701 0.000364 0.000373 0.000000 0.356370 0.000210 0.000210 0.110834 0.000000 0.000000 0.000204 
56 0.011520 0.000862 0.000607 0.000000 0.001946 0.003749 0.001116 0.367936 0.063419 0.029261 0.001063 0.016993 0.002423 0.000780 0.000000 0.248630 0.001232 0.005942 0.232260 0.000000 0.000000 0.022643 
62 0.010676 0.000813 0.000793 0.000000 0.016985 0.004249 0.001413 0.344416 0.052445 0.041096 0.000646 0.012847 0.004997 0.000324 0.000000 0.225165 0.002232 0.025279 0.222833 0.000000 0.000000 0.044283 
64 0.009946 0.000791 0.001620 0.000000 0.015505 0.006351 0.003559 0.286910 0.079769 0.046710 0.001244 0.006802 0.003533 0.001154 0.000000 0.217053 0.002213 0.038960 0.229473 0.000000 0.000000 0.059146 
69 0.011744 0.000877 0.000044 0.000000 0.002741 0.000041 0.001696 0.381577 0.046624 0.024395 0.001000 0.019269 0.001148 0.000672 0.000000 0.269981 0.000257 0.007970 0.222128 0.000000 0.000000 0.020456 
70 0.011744 0.000877 0.000044 0.000000 0.002741 0.000041 0.001696 0.381577 0.046624 0.024395 0.001000 0.019269 0.001148 0.000672 0.000000 0.269981 0.000257 0.007970 0.222128 0.000000 0.000000 0.020456 
71 0.013644 0.001238 0.000579 0.000000 0.000981 0.000216 0.000377 0.533128 0.008992 0.000523 0.000401 0.008708 0.000462 0.000308 0.000000 0.415622 0.000124 0.000298 0.029141 0.000000 0.000000 0.000139 
73 0.013805 0.001311 0.000577 0.000000 0.001657 0.000422 0.000589 0.588150 0.005217 0.000983 0.000170 0.014363 0.000473 0.000398 0.000000 0.384834 0.000147 0.000143 0.001383 0.000000 0.000000 0.000494 
76 0.011986 0.000895 0.000335 0.000000 0.004248 0.003117 0.001554 0.385356 0.063037 0.010765 0.000638 0.008447 0.001231 0.000180 0.000000 0.276922 0.000106 0.001038 0.228879 0.000000 0.000000 0.014147 
78 0.010010 0.000792 0.002210 0.000000 0.011199 0.005685 0.002323 0.302086 0.058433 0.059629 0.003727 0.025825 0.008432 0.001343 0.000000 0.200764 0.001534 0.030237 0.228354 0.000000 0.000000 0.058221 
79 0.011166 0.000838 0.000193 0.000000 0.005470 0.004468 0.004280 0.338016 0.055210 0.041765 0.001244 0.014936 0.002259 0.000126 0.000000 0.254211 0.000846 0.013291 0.234070 0.000000 0.000000 0.029615 
80 0.013283 0.001102 0.000239 0.000000 0.000553 0.000516 0.000432 0.504385 0.003813 0.000271 0.000414 0.014120 0.000670 0.000345 0.000000 0.369870 0.000154 0.000291 0.103413 0.000000 0.000000 0.000512 
81 0.012444 0.000935 0.000113 0.000000 0.001655 0.000092 0.000487 0.428250 0.063959 0.000605 0.000773 0.006415 0.001374 0.000268 0.000000 0.272619 0.000179 0.000705 0.221708 0.000000 0.000000 0.000799 
82 0.012825 0.000991 0.000024 0.000000 0.001279 0.000196 0.000189 0.496127 0.032605 0.000114 0.000751 0.020061 0.001677 0.000102 0.000000 0.270778 0.000390 0.000492 0.174788 0.000000 0.000000 0.000427 
85 0.013750 0.001280 0.000470 0.000000 0.000165 0.000030 0.000496 0.618115 0.001777 0.000486 0.000530 0.001275 0.000472 0.000299 0.000000 0.353586 0.000051 0.000031 0.021554 0.000000 0.000000 0.000664 
86 0.012281 0.000921 0.000349 0.000000 0.001563 0.000849 0.000177 0.429375 0.048099 0.007263 0.000985 0.007973 0.000986 0.000233 0.000000 0.262515 0.000422 0.001442 0.232968 0.000000 0.000000 0.004802 
92 0.013729 0.001274 0.000596 0.000000 0.000694 0.000125 0.000665 0.612113 0.007034 0.000360 0.000462 0.007128 0.000172 0.000295 0.000000 0.348098 0.000132 0.000205 0.021614 0.000000 0.000000 0.000308 
93 0.011785 0.000876 0.000037 0.000000 0.005204 0.000088 0.000977 0.377272 0.067158 0.017873 0.000011 0.020879 0.001348 0.000451 0.000000 0.252982 0.000290 0.007208 0.232022 0.000000 0.000000 0.016200 
95 0.010804 0.000820 0.000096 0.000000 0.006709 0.004607 0.003748 0.299345 0.052401 0.041820 0.000819 0.028502 0.002633 0.000551 0.000000 0.253623 0.001178 0.019264 0.245574 0.000000 0.000000 0.039132 
97 0.013250 0.001093 0.000230 0.000000 0.000381 0.000375 0.000298 0.524385 0.015320 0.001203 0.000118 0.019619 0.000716 0.000261 0.000000 0.332388 0.000219 0.000486 0.103578 0.000000 0.000000 0.000421 
98 0.013437 0.001153 0.000231 0.000000 0.000471 0.000159 0.000281 0.581690 0.011414 0.000475 0.000287 0.012911 0.000449 0.000202 0.000000 0.313268 0.000050 0.000419 0.077554 0.000000 0.000000 0.000140 
100 0.012563 0.000949 0.000061 0.000000 0.001625 0.000136 0.000583 0.441133 0.046669 0.001261 0.000610 0.018810 0.001807 0.000408 0.000000 0.276101 0.000272 0.001494 0.208892 0.000000 0.000000 0.000139 
102 0.012682 0.000967 0.000302 0.000000 0.001234 0.000055 0.000201 0.456375 0.027273 0.000355 0.000310 0.011907 0.000669 0.000278 0.000000 0.299460 0.000202 0.000926 0.198713 0.000000 0.000000 0.001741 
105 0.013207 0.001080 0.000192 0.000000 0.001342 0.000801 0.000436 0.505094 0.007707 0.000918 0.000336 0.020900 0.000896 0.000307 0.000000 0.345588 0.000195 0.000446 0.114588 0.000000 0.000000 0.000253 
107 0.010716 0.000816 0.000901 0.000000 0.009023 0.002287 0.001038 0.316788 0.054011 0.035001 0.000807 0.017331 0.001519 0.000854 0.000000 0.249336 0.001625 0.030000 0.238822 0.000000 0.000000 0.040659 
112 0.012639 0.000960 0.000114 0.000000 0.001883 0.000112 0.000490 0.459617 0.064477 0.000844 0.000741 0.005397 0.001114 0.000290 0.000000 0.277726 0.000180 0.000383 0.186014 0.000000 0.000000 0.000618 
113 0.012885 0.001003 0.000027 0.000000 0.001037 0.000319 0.000891 0.481995 0.038050 0.000718 0.000691 0.006789 0.000709 0.000360 0.000000 0.309485 0.000226 0.000286 0.157914 0.000000 0.000000 0.000501 
115 0.012873 0.001000 0.000396 0.000000 0.000953 0.000068 0.000364 0.497962 0.039575 0.000665 0.000354 0.011904 0.000399 0.000139 0.000000 0.285243 0.000203 0.000633 0.160417 0.000000 0.000000 0.000724 
116 0.011937 0.000890 0.000232 0.000000 0.004478 0.002177 0.000461 0.392664 0.070562 0.013560 0.000816 0.005731 0.001638 0.000054 0.000000 0.264675 0.000360 0.004730 0.224777 0.000000 0.000000 0.013084 
122 0.010448 0.000804 0.000834 0.000000 0.013719 0.007203 0.002099 0.344169 0.063364 0.051640 0.000771 0.012410 0.001977 0.001342 0.000000 0.197859 0.001402 0.024367 0.227778 0.000000 0.000000 0.049068 
124 0.012738 0.000975 0.000271 0.000000 0.001023 0.000026 0.000188 0.464903 0.028835 0.000685 0.000368 0.006923 0.000953 0.000272 0.000000 0.304534 0.000172 0.000954 0.188576 0.000000 0.000000 0.001317 
125 0.013524 0.001185 0.000116 0.000000 0.000571 0.000363 0.000097 0.528201 0.007256 0.001257 0.000085 0.021171 0.001086 0.000163 0.000000 0.385108 0.000186 0.000531 0.053413 0.000000 0.000000 0.000398 
127 0.011001 0.000828 0.000036 0.000000 0.003617 0.001647 0.002899 0.349836 0.049001 0.039201 0.000877 0.030637 0.006905 0.000443 0.000000 0.233906 0.000512 0.018453 0.222607 0.000000 0.000000 0.039422 
128 0.011454 0.000857 0.000643 0.000000 0.006316 0.002971 0.001114 0.359372 0.064613 0.032040 0.001363 0.020804 0.000950 0.000653 0.000000 0.248738 0.001171 0.011497 0.226168 0.000000 0.000000 0.021585 
131 0.013163 0.001068 0.000197 0.000000 0.000056 0.000408 0.000346 0.492480 0.019091 0.000779 0.000134 0.033245 0.000975 0.000151 0.000000 0.335545 0.000270 0.000438 0.115318 0.000000 0.000000 0.000567 
132 0.010801 0.000820 0.000761 0.000000 0.006688 0.004712 0.001264 0.353359 0.049459 0.035465 0.000314 0.010809 0.006686 0.000544 0.000000 0.233081 0.001900 0.025467 0.226807 0.000000 0.000000 0.042683 
133 0.013104 0.001050 0.000111 0.000000 0.000176 0.000408 0.000540 0.485185 0.024712 0.001054 0.000082 0.013610 0.000548 0.000267 0.000000 0.347044 0.000107 0.000301 0.125483 0.000000 0.000000 0.000374 
134 0.012168 0.000910 0.000252 0.000000 0.003278 0.003999 0.001180 0.420507 0.082475 0.009497 0.000607 0.012820 0.001536 0.000113 0.000000 0.236990 0.000073 0.000747 0.219764 0.000000 0.000000 0.006163 
135 0.012916 0.001008 0.000416 0.000000 0.000794 0.000251 0.000633 0.462202 0.029422 0.000377 0.000285 0.020449 0.000550 0.000407 0.000000 0.326820 0.000180 0.000800 0.156345 0.000000 0.000000 0.000069 
136 0.012785 0.000981 0.000322 0.000000 0.000615 0.000139 0.000461 0.479287 0.040062 0.000597 0.000423 0.007005 0.000507 0.000001 0.000000 0.291437 0.000175 0.000879 0.177520 0.000000 0.000000 0.000570 
137 0.011564 0.000864 0.000470 0.000000 0.005605 0.008325 0.001090 0.376826 0.074757 0.023309 0.000708 0.017313 0.001586 0.000273 0.000000 0.226241 0.000644 0.006740 0.237060 0.000000 0.000000 0.019055 
138 0.010844 0.000822 0.000879 0.000000 0.006708 0.002807 0.001313 0.349839 0.048598 0.037982 0.000526 0.008756 0.007841 0.000481 0.000000 0.233954 0.001590 0.024053 0.236035 0.000000 0.000000 0.038639 
140 0.013402 0.001140 0.000426 0.000000 0.000897 0.000086 0.000445 0.541992 0.004356 0.000639 0.000376 0.003024 0.000150 0.000349 0.000000 0.363106 0.000150 0.000460 0.083284 0.000000 0.000000 0.000259 
142 0.012456 0.000936 0.000061 0.000000 0.001938 0.000103 0.000252 0.436094 0.057652 0.000648 0.000944 0.006857 0.001580 0.000283 0.000000 0.270080 0.000094 0.001529 0.220964 0.000000 0.000000 0.000922 
143 0.013849 0.001367 0.000597 0.000000 0.000002 0.000425 0.000533 0.716545 0.014622 0.000101 0.000353 0.007455 0.000993 0.000675 0.000000 0.255941 0.000097 0.000285 0.000927 0.000000 0.000000 0.000449 
144 0.013849 0.001367 0.000597 0.000000 0.000002 0.000425 0.000533 0.716545 0.014622 0.000101 0.000353 0.007455 0.000993 0.000675 0.000000 0.255941 0.000097 0.000285 0.000927 0.000000 0.000000 0.000449 
146 0.013639 0.001231 0.000550 0.000000 0.001039 0.000077 0.000104 0.564343 0.009089 0.000400 0.000305 0.002541 0.000364 0.000362 0.000000 0.385654 0.000094 0.000372 0.034573 0.000000 0.000000 0.000132 
147 0.012592 0.000954 0.000324 0.000000 0.002118 0.000156 0.000657 0.439383 0.049442 0.000935 0.000908 0.018636 0.001002 0.000482 0.000000 0.285144 0.000006 0.000908 0.199106 0.000000 0.000000 0.000793 
154 0.013453 0.001158 0.000227 0.000000 0.000601 0.000686 0.000228 0.525806 0.004897 0.000642 0.000427 0.018325 0.000732 0.000287 0.000000 0.376470 0.000163 0.000232 0.069960 0.000000 0.000000 0.000319 
158 0.012542 0.000947 0.000219 0.000000 0.001239 0.000116 0.000614 0.445045 0.059731 0.002037 0.000735 0.001852 0.001096 0.000078 0.000000 0.283527 0.000269 0.001097 0.200850 0.000000 0.000000 0.001494 
159 0.010010 0.000792 0.002210 0.000000 0.011199 0.005685 0.002323 0.302086 0.058433 0.059629 0.003727 0.025825 0.008432 0.001343 0.000000 0.200764 0.001534 0.030237 0.228354 0.000000 0.000000 0.058221 
164 0.010676 0.000813 0.000793 0.000000 0.016985 0.004249 0.001413 0.344416 0.052445 0.041096 0.000646 0.012847 0.004997 0.000324 0.000000 0.225165 0.002232 0.025279 0.222833 0.000000 0.000000 0.044283 
168 0.013644 0.001238 0.000579 0.000000 0.000981 0.000216 0.000377 0.533128 0.008992 0.000523 0.000401 0.008708 0.000462 0.000308 0.000000 0.415622 0.000124 0.000298 0.029141 0.000000 0.000000 0.000139 
169 0.012834 0.000993 0.000348 0.000000 0.000715 0.000239 0.000080 0.472279 0.031797 0.001139 0.000394 0.010264 0.001152 0.000322 0.000000 0.311092 0.000187 0.000643 0.168440 0.000000 0.000000 0.000909 
170 0.011970 0.000894 0.000392 0.000000 0.005929 0.004709 0.002129 0.388716 0.073807 0.015896 0.000779 0.011720 0.001680 0.000217 0.000000 0.255155 0.000045 0.001021 0.227479 0.000000 0.000000 0.010325 
171 0.013562 0.001201 0.000116 0.000000 0.000510 0.000354 0.000019 0.539706 0.007098 0.001525 0.000149 0.012943 0.001279 0.000174 0.000000 0.388247 0.000291 0.000488 0.046814 0.000000 0.000000 0.000287 
172 0.012383 0.000929 0.000141 0.000000 0.001614 0.000110 0.000608 0.430459 0.067489 0.002079 0.000869 0.004624 0.001396 0.000234 0.000000 0.264605 0.000238 0.001189 0.222270 0.000000 0.000000 0.002078 
173 0.009111 0.000779 0.003332 0.000000 0.012671 0.005621 0.002086 0.219002 0.038354 0.079265 0.006229 0.035443 0.013428 0.002414 0.000000 0.210199 0.002047 0.044274 0.251488 0.000000 0.000000 0.074146 
174 0.011834 0.000881 0.000046 0.000000 0.003761 0.000027 0.001114 0.374401 0.055332 0.017654 0.000189 0.020148 0.001328 0.000627 0.000000 0.272026 0.000268 0.007312 0.229297 0.000000 0.000000 0.016470 
175 0.012188 0.000912 0.000692 0.000000 0.002443 0.001492 0.000491 0.399209 0.069248 0.005676 0.000606 0.015150 0.004046 0.000173 0.000000 0.270332 0.000049 0.003322 0.220783 0.000000 0.000000 0.006289 
176 0.013488 0.001170 0.000184 0.000000 0.000970 0.000494 0.000055 0.507138 0.002571 0.000700 0.000097 0.021106 0.000994 0.000082 0.000000 0.401578 0.000196 0.000112 0.063250 0.000000 0.000000 0.000472 
177 0.013792 0.001307 0.000459 0.000000 0.001680 0.000414 0.000577 0.586053 0.008237 0.000928 0.000129 0.012494 0.000517 0.000566 0.000000 0.385407 0.000144 0.000376 0.001613 0.000000 0.000000 0.000404 
178 0.010676 0.000813 0.000793 0.000000 0.016985 0.004249 0.001413 0.344416 0.052445 0.041096 0.000646 0.012847 0.004997 0.000324 0.000000 0.225165 0.002232 0.025279 0.222833 0.000000 0.000000 0.044283 
180 0.012082 0.000903 0.000336 0.000000 0.001654 0.001848 0.000633 0.419229 0.060872 0.010490 0.001034 0.001562 0.002709 0.000040 0.000000 0.256024 0.000342 0.001445 0.231291 0.000000 0.000000 0.010492 
181 0.012946 0.001015 0.000434 0.000000 0.001110 0.000218 0.000693 0.479905 0.027059 0.000590 0.000183 0.006777 0.000445 0.000493 0.000000 0.328346 0.000139 0.000329 0.152657 0.000000 0.000000 0.000621 
182 0.013849 0.001367 0.000597 0.000000 0.000002 0.000425 0.000533 0.716545 0.014622 0.000101 0.000353 0.007455 0.000993 0.000675 0.000000 0.255941 0.000097 0.000285 0.000927 0.000000 0.000000 0.000449 
189 0.011804 0.000880 0.000071 0.000000 0.003275 0.000136 0.001102 0.363504 0.050414 0.022705 0.000172 0.017485 0.001600 0.000485 0.000000 0.281923 0.000268 0.008369 0.233654 0.000000 0.000000 0.014835 
190 0.012301 0.000921 0.000136 0.000000 0.002264 0.000831 0.000450 0.433129 0.079008 0.001544 0.000141 0.004905 0.000483 0.000377 0.000000 0.249320 0.000214 0.000620 0.221190 0.000000 0.000000 0.005387 
192 0.012902 0.001006 0.000246 0.000000 0.001195 0.000228 0.001383 0.483701 0.018954 0.001035 0.000289 0.007839 0.000402 0.000402 0.000000 0.315371 0.000268 0.000109 0.168100 0.000000 0.000000 0.000478 
198 0.011700 0.000874 0.000399 0.000000 0.005888 0.006860 0.001568 0.377282 0.072685 0.014391 0.000675 0.017726 0.001933 0.000114 0.000000 0.234622 0.000129 0.001492 0.245619 0.000000 0.000000 0.018617 
199 0.013849 0.001367 0.000597 0.000000 0.000002 0.000425 0.000533 0.716545 0.014622 0.000101 0.000353 0.007455 0.000993 0.000675 0.000000 0.255941 0.000097 0.000285 0.000927 0.000000 0.000000 0.000449 
201 0.013544 0.001193 0.000573 0.000000 0.000827 0.000153 0.000271 0.574462 0.010459 0.000369 0.000500 0.001988 0.000485 0.000125 0.000000 0.354777 0.000072 0.000436 0.054435 0.000000 0.000000 0.000069 
203 0.011224 0.000842 0.000724 0.000000 0.005226 0.000893 0.001445 0.337098 0.077010 0.033218 0.000856 0.012311 0.003125 0.000101 0.000000 0.263840 0.000682 0.011191 0.219708 0.000000 0.000000 0.032572 
205 0.013380 0.001132 0.000297 0.000000 0.000959 0.000411 0.000144 0.515504 0.006948 0.000995 0.000169 0.025589 0.001211 0.000137 0.000000 0.364678 0.000250 0.000312 0.082259 0.000000 0.000000 0.000137 
206 0.012456 0.000936 0.000061 0.000000 0.001938 0.000103 0.000252 0.436094 0.057652 0.000648 0.000944 0.006857 0.001580 0.000283 0.000000 0.270080 0.000094 0.001529 0.220964 0.000000 0.000000 0.000922 
207 0.011445 0.000857 0.000346 0.000000 0.002788 0.003931 0.002222 0.342250 0.053579 0.030288 0.000883 0.029295 0.000893 0.000397 0.000000 0.254127 0.000769 0.010704 0.246042 0.000000 0.000000 0.021487 
212 0.012834 0.000993 0.000348 0.000000 0.000715 0.000239 0.000080 0.472279 0.031797 0.001139 0.000394 0.010264 0.001152 0.000322 0.000000 0.311092 0.000187 0.000643 0.168440 0.000000 0.000000 0.000909 
213 0.010010 0.000792 0.002210 0.000000 0.011199 0.005685 0.002323 0.302086 0.058433 0.059629 0.003727 0.025825 0.008432 0.001343 0.000000 0.200764 0.001534 0.030237 0.228354 0.000000 0.000000 0.058221 
214 0.012158 0.000909 0.000294 0.000000 0.001695 0.002182 0.000185 0.399316 0.045783 0.014232 0.000331 0.011449 0.001884 0.000603 0.000000 0.287106 0.000042 0.000217 0.224704 0.000000 0.000000 0.009977 
216 0.012242 0.000917 0.000373 0.000000 0.000979 0.001481 0.000723 0.430779 0.053545 0.008906 0.000852 0.009190 0.001996 0.000029 0.000000 0.260709 0.000338 0.001601 0.220716 0.000000 0.000000 0.007783 
219 0.011394 0.000854 0.000637 0.000000 0.002778 0.004645 0.000931 0.350378 0.069651 0.028544 0.001059 0.021404 0.002387 0.000648 0.000000 0.248275 0.001266 0.008460 0.233765 0.000000 0.000000 0.025172 
220 0.011943 0.000891 0.000349 0.000000 0.003165 0.004835 0.001245 0.387865 0.071820 0.014349 0.000642 0.017280 0.001600 0.000221 0.000000 0.244527 0.000074 0.001086 0.240663 0.000000 0.000000 0.010279 
223 0.010676 0.000813 0.000793 0.000000 0.016985 0.004249 0.001413 0.344416 0.052445 0.041096 0.000646 0.012847 0.004997 0.000324 0.000000 0.225165 0.002232 0.025279 0.222833 0.000000 0.000000 0.044283 
225 0.011773 0.000879 0.000153 0.000000 0.002639 0.001562 0.001699 0.381162 0.049061 0.022880 0.001015 0.019347 0.001048 0.000661 0.000000 0.264217 0.000265 0.004918 0.230587 0.000000 0.000000 0.018783 
226 0.011912 0.000887 0.000239 0.000000 0.003262 0.003301 0.001245 0.388227 0.069232 0.015917 0.000630 0.017217 0.001695 0.000235 0.000000 0.250395 0.000068 0.004144 0.232191 0.000000 0.000000 0.012004 
227 0.012592 0.000954 0.000324 0.000000 0.002118 0.000156 0.000657 0.439383 0.049442 0.000935 0.000908 0.018636 0.001002 0.000482 0.000000 0.285144 0.000006 0.000908 0.199106 0.000000 0.000000 0.000793 
228 0.012849 0.000995 0.000230 0.000000 0.001234 0.000224 0.001117 0.475296 0.022389 0.000808 0.000256 0.005337 0.000409 0.000392 0.000000 0.315644 0.000249 0.000266 0.175537 0.000000 0.000000 0.000611 
232 0.012097 0.000904 0.000264 0.000000 0.002763 0.003227 0.000880 0.395128 0.063598 0.009102 0.000848 0.007719 0.001274 0.000300 0.000000 0.265249 0.000011 0.001207 0.241392 0.000000 0.000000 0.007038 
234 0.013393 0.001135 0.000205 0.000000 0.000300 0.000466 0.000390 0.533029 0.007583 0.001236 0.000023 0.019119 0.000368 0.000255 0.000000 0.354096 0.000080 0.000174 0.082160 0.000000 0.000000 0.000515 
236 0.013190 0.001073 0.000258 0.000000 0.000301 0.000459 0.000528 0.496144 0.010442 0.000909 0.000065 0.014721 0.000379 0.000309 0.000000 0.356274 0.000084 0.000291 0.118451 0.000000 0.000000 0.000386 
239 0.012520 0.000944 0.000114 0.000000 0.001409 0.000196 0.000532 0.448323 0.057516 0.002366 0.000861 0.006641 0.000851 0.000230 0.000000 0.272578 0.000234 0.001269 0.205355 0.000000 0.000000 0.001525 
241 0.010902 0.000826 0.000230 0.000000 0.006639 0.004844 0.003667 0.311139 0.057506 0.039790 0.000808 0.024114 0.002816 0.000647 0.000000 0.249427 0.001182 0.011648 0.246407 0.000000 0.000000 0.039137 
242 0.011481 0.000859 0.000265 0.000000 0.006269 0.005968 0.002177 0.342661 0.068511 0.023356 0.000804 0.019866 0.001661 0.000032 0.000000 0.249447 0.000070 0.009172 0.250117 0.000000 0.000000 0.019624 
252 0.011376 0.000852 0.000136 0.000000 0.005109 0.004544 0.004216 0.351405 0.046930 0.037926 0.001221 0.011747 0.001380 0.000013 0.000000 0.274564 0.000546 0.008480 0.222478 0.000000 0.000000 0.029306 
257 0.013369 0.001129 0.000167 0.000000 0.000614 0.000315 0.000954 0.504655 0.003991 0.000888 0.000285 0.012675 0.000449 0.000378 0.000000 0.387027 0.000177 0.000395 0.087005 0.000000 0.000000 0.000024 
258 0.012208 0.000913 0.000351 0.000000 0.002070 0.002637 0.000525 0.432486 0.059845 0.006301 0.000949 0.001922 0.001503 0.000020 0.000000 0.253893 0.000220 0.001979 0.228028 0.000000 0.000000 0.007271 
260 0.012902 0.001006 0.000246 0.000000 0.001195 0.000228 0.001383 0.483701 0.018954 0.001035 0.000289 0.007839 0.000402 0.000402 0.000000 0.315371 0.000268 0.000109 0.168100 0.000000 0.000000 0.000478 
261 0.012800 0.000984 0.000512 0.000000 0.001208 0.000144 0.000340 0.466314 0.035783 0.000596 0.000252 0.007357 0.000374 0.000202 0.000000 0.309506 0.000179 0.000502 0.176326 0.000000 0.000000 0.000405 
262 0.012986 0.001022 0.000191 0.000000 0.000370 0.000361 0.000355 0.473570 0.017058 0.000930 0.000140 0.027146 0.001255 0.000118 0.000000 0.326755 0.000210 0.000331 0.150456 0.000000 0.000000 0.000754 
263 0.009629 0.000782 0.001569 0.000000 0.020601 0.007525 0.004379 0.293636 0.071829 0.061456 0.000790 0.007733 0.002475 0.001777 0.000000 0.203116 0.002283 0.050680 0.203432 0.000000 0.000000 0.066718 
264 0.011253 0.000844 0.000786 0.000000 0.005212 0.005255 0.001972 0.357219 0.069748 0.046681 0.001137 0.026328 0.000167 0.000450 0.000000 0.231298 0.001151 0.003471 0.217926 0.000000 0.000000 0.031200 
265 0.012785 0.000981 0.000322 0.000000 0.000615 0.000139 0.000461 0.479287 0.040062 0.000597 0.000423 0.007005 0.000507 0.000001 0.000000 0.291437 0.000175 0.000879 0.177520 0.000000 0.000000 0.000570 
266 0.013778 0.001297 0.000160 0.000000 0.000454 0.000424 0.000498 0.554078 0.008405 0.001176 0.000116 0.027850 0.001300 0.000205 0.000000 0.401890 0.000213 0.000714 0.002339 0.000000 0.000000 0.000179 
267 0.012984 0.001024 0.000415 0.000000 0.001184 0.000236 0.000787 0.486834 0.025056 0.000537 0.000198 0.007139 0.000377 0.000492 0.000000 0.328608 0.000127 0.000075 0.147172 0.000000 0.000000 0.000763 
268 0.012008 0.000897 0.000303 0.000000 0.004943 0.001640 0.000082 0.446896 0.056274 0.021919 0.000997 0.000837 0.001602 0.000223 0.000000 0.231011 0.000026 0.003623 0.217164 0.000000 0.000000 0.012461 
269 0.013453 0.001158 0.000227 0.000000 0.000601 0.000686 0.000228 0.525806 0.004897 0.000642 0.000427 0.018325 0.000732 0.000287 0.000000 0.376470 0.000163 0.000232 0.069960 0.000000 0.000000 0.000319 
270 0.011253 0.000844 0.000786 0.000000 0.005212 0.005255 0.001972 0.357219 0.069748 0.046681 0.001137 0.026328 0.000167 0.000450 0.000000 0.231298 0.001151 0.003471 0.217926 0.000000 0.000000 0.031200 
274 0.013299 0.001108 0.000094 0.000000 0.000270 0.000177 0.000495 0.543028 0.015436 0.001163 0.000013 0.009015 0.001683 0.000169 0.000000 0.331739 0.000276 0.000748 0.095254 0.000000 0.000000 0.000441 
275 0.010041 0.000793 0.001425 0.000000 0.016283 0.006472 0.003361 0.293573 0.074175 0.043504 0.001093 0.012180 0.002837 0.001109 0.000000 0.217084 0.002534 0.034766 0.230203 0.000000 0.000000 0.059402 
276 0.011937 0.000890 0.000232 0.000000 0.004478 0.002177 0.000461 0.392664 0.070562 0.013560 0.000816 0.005731 0.001638 0.000054 0.000000 0.264675 0.000360 0.004730 0.224777 0.000000 0.000000 0.013084 
278 0.012969 0.001020 0.000451 0.000000 0.000668 0.000301 0.000327 0.470789 0.026120 0.000673 0.000390 0.033347 0.000535 0.000370 0.000000 0.317430 0.000220 0.000680 0.147653 0.000000 0.000000 0.000046 
282 0.012902 0.001006 0.000246 0.000000 0.001195 0.000228 0.001383 0.483701 0.018954 0.001035 0.000289 0.007839 0.000402 0.000402 0.000000 0.315371 0.000268 0.000109 0.168100 0.000000 0.000000 0.000478 
283 0.012074 0.000902 0.000398 0.000000 0.002973 0.004060 0.001731 0.389316 0.071398 0.016286 0.000666 0.014567 0.001348 0.000139 0.000000 0.273688 0.000103 0.001284 0.211826 0.000000 0.000000 0.010217 
284 0.013158 0.001066 0.000225 0.000000 0.000662 0.000298 0.001063 0.519691 0.018095 0.001182 0.000192 0.019406 0.000253 0.000265 0.000000 0.317084 0.000180 0.000046 0.120864 0.000000 0.000000 0.000495 
286 0.011310 0.000847 0.000647 0.000000 0.003386 0.004483 0.000768 0.349120 0.066809 0.030064 0.001088 0.020444 0.002418 0.000132 0.000000 0.247001 0.001253 0.008604 0.234879 0.000000 0.000000 0.028904 
288 0.012542 0.000947 0.000158 0.000000 0.001717 0.000266 0.000112 0.449079 0.061271 0.001067 0.000725 0.006043 0.002515 0.000277 0.000000 0.273173 0.000200 0.001391 0.201124 0.000000 0.000000 0.000883 
290 0.013225 0.001085 0.000328 0.000000 0.000790 0.000816 0.000285 0.532622 0.013391 0.000641 0.000344 0.017092 0.000692 0.000346 0.000000 0.320639 0.000135 0.000319 0.111309 0.000000 0.000000 0.000252 
294 0.010528 0.000806 0.000137 0.000000 0.010276 0.001001 0.002237 0.329226 0.062716 0.041592 0.001827 0.013424 0.004798 0.001049 0.000000 0.225979 0.000002 0.020251 0.232037 0.000000 0.000000 0.053446 
295 0.012689 0.000968 0.000177 0.000000 0.001889 0.000110 0.000123 0.446007 0.031230 0.000142 0.000804 0.033943 0.001603 0.000195 0.000000 0.286851 0.000528 0.000544 0.195378 0.000000 0.000000 0.000476 
303 0.011166 0.000838 0.000193 0.000000 0.005470 0.004468 0.004280 0.338016 0.055210 0.041765 0.001244 0.014936 0.002259 0.000126 0.000000 0.254211 0.000846 0.013291 0.234070 0.000000 0.000000 0.029615 
306 0.012904 0.001006 0.000449 0.000000 0.000645 0.000198 0.000715 0.473082 0.025459 0.000161 0.000198 0.010732 0.000428 0.000621 0.000000 0.323727 0.000159 0.000250 0.162555 0.000000 0.000000 0.000618 
308 0.011026 0.000831 0.000115 0.000000 0.005545 0.004061 0.003848 0.330015 0.050782 0.044586 0.000839 0.019540 0.002553 0.000556 0.000000 0.246359 0.001281 0.017502 0.241435 0.000000 0.000000 0.030983 
309 0.013053 0.001039 0.000396 0.000000 0.001331 0.000167 0.000757 0.501024 0.014547 0.000311 0.000120 0.008228 0.000094 0.000395 0.000000 0.329496 0.000110 0.000490 0.141717 0.000000 0.000000 0.000817 
310 0.012520 0.000944 0.000114 0.000000 0.001409 0.000196 0.000532 0.448323 0.057516 0.002366 0.000861 0.006641 0.000851 0.000230 0.000000 0.272578 0.000234 0.001269 0.205355 0.000000 0.000000 0.001525 
311 0.010971 0.000828 0.000323 0.000000 0.004478 0.005075 0.002681 0.353791 0.047309 0.048262 0.000595 0.020138 0.005174 0.000960 0.000000 0.231559 0.001412 0.013319 0.226723 0.000000 0.000000 0.038200 
312 0.012131 0.000908 0.000141 0.000000 0.000957 0.002569 0.000624 0.428489 0.065036 0.006403 0.000840 0.007597 0.001559 0.000124 0.000000 0.254045 0.000462 0.000916 0.216811 0.000000 0.000000 0.013428 
313 0.009111 0.000779 0.003332 0.000000 0.012671 0.005621 0.002086 0.219002 0.038354 0.079265 0.006229 0.035443 0.013428 0.002414 0.000000 0.210199 0.002047 0.044274 0.251488 0.000000 0.000000 0.074146 
314 0.010217 0.000796 0.000888 0.000000 0.019349 0.003463 0.001878 0.278546 0.059880 0.040781 0.000746 0.017989 0.003651 0.000343 0.000000 0.248061 0.001521 0.026004 0.236942 0.000000 0.000000 0.059960 
315 0.011744 0.000877 0.000044 0.000000 0.002741 0.000041 0.001696 0.381577 0.046624 0.024395 0.001000 0.019269 0.001148 0.000672 0.000000 0.269981 0.000257 0.007970 0.222128 0.000000 0.000000 0.020456 
316 0.012526 0.000945 0.000215 0.000000 0.001497 0.000075 0.000512 0.454309 0.046531 0.000547 0.000561 0.005008 0.001080 0.000420 0.000000 0.267109 0.000171 0.000951 0.220432 0.000000 0.000000 0.000582 
324 0.012815 0.000989 0.000320 0.000000 0.000825 0.000242 0.000228 0.463441 0.030300 0.001260 0.000395 0.015287 0.001010 0.000426 0.000000 0.312640 0.000170 0.000649 0.171974 0.000000 0.000000 0.000830 
326 0.012691 0.000968 0.000264 0.000000 0.001110 0.000067 0.000163 0.463758 0.026115 0.000689 0.000341 0.006251 0.000897 0.000310 0.000000 0.297109 0.000179 0.000796 0.200768 0.000000 0.000000 0.001184 
327 0.013580 0.001204 0.000356 0.000000 0.000609 0.000130 0.000297 0.588513 0.009224 0.000302 0.000264 0.004927 0.000297 0.000192 0.000000 0.343016 0.000064 0.000374 0.051368 0.000000 0.000000 0.000068 
329 0.010324 0.000802 0.001124 0.000000 0.012114 0.007258 0.002453 0.335791 0.059190 0.049158 0.000672 0.010596 0.002149 0.001120 0.000000 0.210080 0.000845 0.016968 0.228924 0.000000 0.000000 0.061556 
331 0.013048 0.001037 0.000085 0.000000 0.000217 0.000454 0.000175 0.489282 0.012830 0.001045 0.000119 0.024256 0.001216 0.000337 0.000000 0.326271 0.000212 0.000510 0.142439 0.000000 0.000000 0.000553 
333 0.010238 0.000800 0.000174 0.000000 0.011247 0.005226 0.003376 0.296269 0.055553 0.054746 0.001890 0.008029 0.002801 0.001345 0.000000 0.238229 0.001586 0.017307 0.243003 0.000000 0.000000 0.059218 
335 0.009525 0.000784 0.000987 0.000000 0.011772 0.004997 0.003743 0.278711 0.059967 0.041545 0.001569 0.014436 0.002469 0.001217 0.000000 0.225644 0.002329 0.047623 0.220488 0.000000 0.000000 0.082505 
336 0.012444 0.000935 0.000113 0.000000 0.001655 0.000092 0.000487 0.428250 0.063959 0.000605 0.000773 0.006415 0.001374 0.000268 0.000000 0.272619 0.000179 0.000705 0.221708 0.000000 0.000000 0.000799 
338 0.010620 0.000811 0.000091 0.000000 0.007619 0.004898 0.003542 0.294786 0.050147 0.044944 0.001360 0.032206 0.002627 0.000564 0.000000 0.246443 0.001206 0.020232 0.243295 0.000000 0.000000 0.046040 
342 0.013489 0.001173 0.000149 0.000000 0.000282 0.000298 0.000084 0.520317 0.006559 0.001082 0.000109 0.024093 0.001358 0.000301 0.000000 0.384546 0.000193 0.000544 0.059647 0.000000 0.000000 0.000439 
344 0.012444 0.000935 0.000113 0.000000 0.001655 0.000092 0.000487 0.428250 0.063959 0.000605 0.000773 0.006415 0.001374 0.000268 0.000000 0.272619 0.000179 0.000705 0.221708 0.000000 0.000000 0.000799 
346 0.012785 0.000981 0.000322 0.000000 0.000615 0.000139 0.000461 0.479287 0.040062 0.000597 0.000423 0.007005 0.000507 0.000001 0.000000 0.291437 0.000175 0.000879 0.177520 0.000000 0.000000 0.000570 
347 0.012052 0.000901 0.000635 0.000000 0.005532 0.001170 0.000458 0.418979 0.059523 0.005957 0.000316 0.008945 0.001301 0.000609 0.000000 0.245125 0.000133 0.001796 0.237818 0.000000 0.000000 0.011704 
348 0.013289 0.001104 0.000447 0.000000 0.001058 0.000335 0.000677 0.502718 0.001439 0.000572 0.000310 0.002524 0.000751 0.000174 0.000000 0.383724 0.000179 0.000224 0.104637 0.000000 0.000000 0.000231 
349 0.013006 0.001027 0.000049 0.000000 0.000264 0.000422 0.000320 0.499305 0.000212 0.001062 0.000138 0.019249 0.001221 0.000100 0.000000 0.314338 0.000217 0.000604 0.162018 0.000000 0.000000 0.000481 
350 0.012383 0.000929 0.000141 0.000000 0.001614 0.000110 0.000608 0.430459 0.067489 0.002079 0.000869 0.004624 0.001396 0.000234 0.000000 0.264605 0.000238 0.001189 0.222270 0.000000 0.000000 0.002078 
351 0.012737 0.000975 0.000217 0.000000 0.001086 0.000207 0.000808 0.457057 0.023390 0.000857 0.000203 0.012405 0.000434 0.000433 0.000000 0.306211 0.000224 0.000392 0.195403 0.000000 0.000000 0.000673 
352 0.009629 0.000782 0.001569 0.000000 0.020601 0.007525 0.004379 0.293636 0.071829 0.061456 0.000790 0.007733 0.002475 0.001777 0.000000 0.203116 0.002283 0.050680 0.203432 0.000000 0.000000 0.066718 
353 0.013713 0.001266 0.000134 0.000000 0.000618 0.000344 0.000422 0.550515 0.008512 0.001215 0.000164 0.014849 0.001137 0.000072 0.000000 0.405106 0.000204 0.000568 0.015678 0.000000 0.000000 0.000462 
354 0.013750 0.001280 0.000470 0.000000 0.000165 0.000030 0.000496 0.618115 0.001777 0.000486 0.000530 0.001275 0.000472 0.000299 0.000000 0.353586 0.000051 0.000031 0.021554 0.000000 0.000000 0.000664 
355 0.011406 0.000853 0.000226 0.000000 0.002984 0.006509 0.003293 0.366291 0.061320 0.038880 0.001572 0.018575 0.006654 0.000270 0.000000 0.241143 0.000023 0.009178 0.218747 0.000000 0.000000 0.024335 
356 0.013578 0.001207 0.000526 0.000000 0.001009 0.000195 0.000261 0.557459 0.008386 0.000403 0.000421 0.002722 0.000361 0.000315 0.000000 0.380815 0.000074 0.000415 0.046511 0.000000 0.000000 0.000126 
359 0.011912 0.000887 0.000239 0.000000 0.003262 0.003301 0.001245 0.388227 0.069232 0.015917 0.000630 0.017217 0.001695 0.000235 0.000000 0.250395 0.000068 0.004144 0.232191 0.000000 0.000000 0.012004 
360 0.011406 0.000853 0.000226 0.000000 0.002984 0.006509 0.003293 0.366291 0.061320 0.038880 0.001572 0.018575 0.006654 0.000270 0.000000 0.241143 0.000023 0.009178 0.218747 0.000000 0.000000 0.024335 
361 0.013805 0.001311 0.000577 0.000000 0.001657 0.000422 0.000589 0.588150 0.005217 0.000983 0.000170 0.014363 0.000473 0.000398 0.000000 0.384834 0.000147 0.000143 0.001383 0.000000 0.000000 0.000494 
362 0.011605 0.000866 0.000522 0.000000 0.003780 0.000604 0.001193 0.366656 0.065330 0.018346 0.000517 0.017376 0.001525 0.000615 0.000000 0.264735 0.000364 0.007343 0.225950 0.000000 0.000000 0.025143 
364 0.013338 0.001118 0.000159 0.000000 0.001105 0.000315 0.000417 0.514672 0.007005 0.001008 0.000440 0.021081 0.000634 0.000309 0.000000 0.361239 0.000155 0.000416 0.091011 0.000000 0.000000 0.000033 
366 0.013035 0.001033 0.000074 0.000000 0.000194 0.000376 0.000259 0.483784 0.018842 0.000950 0.000139 0.026320 0.001215 0.000134 0.000000 0.325034 0.000227 0.000461 0.141490 0.000000 0.000000 0.000501 
373 0.009413 0.000783 0.001886 0.000000 0.012619 0.004290 0.001740 0.198296 0.059602 0.085002 0.004503 0.025141 0.008762 0.002673 0.000000 0.248695 0.001964 0.045624 0.239508 0.000000 0.000000 0.059695 
374 0.011744 0.000877 0.000044 0.000000 0.002741 0.000041 0.001696 0.381577 0.046624 0.024395 0.001000 0.019269 0.001148 0.000672 0.000000 0.269981 0.000257 0.007970 0.222128 0.000000 0.000000 0.020456 
377 0.013114 0.001055 0.000105 0.000000 0.000246 0.000396 0.000282 0.519475 0.017380 0.001353 0.000146 0.027380 0.000859 0.000268 0.000000 0.302002 0.000199 0.000529 0.128896 0.000000 0.000000 0.000484 
379 0.012825 0.000990 0.000276 0.000000 0.000684 0.000196 0.000647 0.450705 0.043802 0.000507 0.000307 0.019498 0.000718 0.000368 0.000000 0.317117 0.000204 0.000822 0.164099 0.000000 0.000000 0.000050 
380 0.012550 0.000948 0.000089 0.000000 0.001941 0.000189 0.000248 0.446713 0.052201 0.000837 0.001057 0.012410 0.001343 0.000322 0.000000 0.273974 0.000166 0.001098 0.206464 0.000000 0.000000 0.000947 
385 0.011518 0.000859 0.000876 0.000000 0.005459 0.003138 0.000604 0.358656 0.068710 0.026620 0.000663 0.014642 0.003332 0.000019 0.000000 0.262046 0.000040 0.003898 0.224953 0.000000 0.000000 0.026344 
386 0.011605 0.000866 0.000522 0.000000 0.003780 0.000604 0.001193 0.366656 0.065330 0.018346 0.000517 0.017376 0.001525 0.000615 0.000000 0.264735 0.000364 0.007343 0.225950 0.000000 0.000000 0.025143 
388 0.013783 0.001297 0.000187 0.000000 0.000752 0.000134 0.000547 0.640601 0.006376 0.000648 0.000167 0.002187 0.000383 0.000348 0.000000 0.331245 0.000138 0.000330 0.015713 0.000000 0.000000 0.000244 
394 0.011074 0.000832 0.000331 0.000000 0.003734 0.005371 0.003554 0.341290 0.057270 0.049756 0.001179 0.014719 0.002107 0.000368 0.000000 0.247250 0.000673 0.011380 0.227636 0.000000 0.000000 0.033382 
395 0.013426 0.001148 0.000268 0.000000 0.000603 0.000551 0.000522 0.522846 0.003988 0.000265 0.000447 0.018375 0.000906 0.000318 0.000000 0.374043 0.000165 0.000160 0.076224 0.000000 0.000000 0.000318 
397 0.010258 0.000801 0.001592 0.000000 0.010485 0.004920 0.001558 0.309295 0.060015 0.050629 0.002733 0.024650 0.012081 0.001134 0.000000 0.215546 0.001645 0.023930 0.224130 0.000000 0.000000 0.055657 
398 0.013289 0.001104 0.000447 0.000000 0.001058 0.000335 0.000677 0.502718 0.001439 0.000572 0.000310 0.002524 0.000751 0.000174 0.000000 0.383724 0.000179 0.000224 0.104637 0.000000 0.000000 0.000231 
399 0.011032 0.000832 0.001385 0.000000 0.006022 0.004609 0.001111 0.331637 0.070585 0.036887 0.001940 0.015768 0.000412 0.000305 0.000000 0.255587 0.000583 0.016291 0.221162 0.000000 0.000000 0.035715 
400 0.013644 0.001238 0.000579 0.000000 0.000981 0.000216 0.000377 0.533128 0.008992 0.000523 0.000401 0.008708 0.000462 0.000308 0.000000 0.415622 0.000124 0.000298 0.029141 0.000000 0.000000 0.000139 
401 0.013521 0.001184 0.000471 0.000000 0.000648 0.000076 0.000431 0.586127 0.005815 0.000313 0.000446 0.011244 0.000203 0.000262 0.000000 0.330011 0.000108 0.000005 0.063462 0.000000 0.000000 0.000375 
402 0.011912 0.000887 0.000239 0.000000 0.003262 0.003301 0.001245 0.388227 0.069232 0.015917 0.000630 0.017217 0.001695 0.000235 0.000000 0.250395 0.000068 0.004144 0.232191 0.000000 0.000000 0.012004 
403 0.009795 0.000783 0.000262 0.000000 0.020503 0.004585 0.004828 0.289714 0.061538 0.058900 0.001628 0.008125 0.002706 0.002150 0.000000 0.216152 0.001441 0.044053 0.220152 0.000000 0.000000 0.063263 
406 0.013580 0.001204 0.000356 0.000000 0.000609 0.000130 0.000297 0.588513 0.009224 0.000302 0.000264 0.004927 0.000297 0.000192 0.000000 0.343016 0.000064 0.000374 0.051368 0.000000 0.000000 0.000068 
407 0.013453 0.001158 0.000227 0.000000 0.000601 0.000686 0.000228 0.525806 0.004897 0.000642 0.000427 0.018325 0.000732 0.000287 0.000000 0.376470 0.000163 0.000232 0.069960 0.000000 0.000000 0.000319 
408 0.012738 0.000975 0.000271 0.000000 0.001023 0.000026 0.000188 0.464903 0.028835 0.000685 0.000368 0.006923 0.000953 0.000272 0.000000 0.304534 0.000172 0.000954 0.188576 0.000000 0.000000 0.001317 
409 0.009635 0.000783 0.000405 0.000000 0.021865 0.006625 0.005515 0.284731 0.075065 0.067042 0.001474 0.009156 0.003089 0.001906 0.000000 0.204269 0.002399 0.047599 0.203583 0.000000 0.000000 0.065274 
411 0.010143 0.000797 0.000929 0.000000 0.021426 0.004400 0.003584 0.287144 0.070242 0.039365 0.000902 0.013635 0.002398 0.001226 0.000000 0.216864 0.001811 0.032159 0.249713 0.000000 0.000000 0.054202 
412 0.011834 0.000881 0.000046 0.000000 0.003761 0.000027 0.001114 0.374401 0.055332 0.017654 0.000189 0.020148 0.001328 0.000627 0.000000 0.272026 0.000268 0.007312 0.229297 0.000000 0.000000 0.016470 
414 0.013793 0.001303 0.000356 0.000000 0.001830 0.000384 0.000478 0.575033 0.005412 0.000979 0.000197 0.013603 0.000444 0.000354 0.000000 0.396774 0.000153 0.000220 0.003355 0.000000 0.000000 0.000429 
416 0.013851 0.001373 0.000491 0.000000 0.000203 0.000345 0.000554 0.717819 0.011096 0.000107 0.000819 0.014926 0.000692 0.000592 0.000000 0.250321 0.000263 0.000531 0.000753 0.000000 0.000000 0.000488 
417 0.012383 0.000929 0.000141 0.000000 0.001614 0.000110 0.000608 0.430459 0.067489 0.002079 0.000869 0.004624 0.001396 0.000234 0.000000 0.264605 0.000238 0.001189 0.222270 0.000000 0.000000 0.002078 
420 0.013453 0.001158 0.000227 0.000000 0.000601 0.000686 0.000228 0.525806 0.004897 0.000642 0.000427 0.018325 0.000732 0.000287 0.000000 0.376470 0.000163 0.000232 0.069960 0.000000 0.000000 0.000319 
421 0.013095 0.001048 0.000074 0.000000 0.000224 0.000428 0.000203 0.498197 0.013267 0.001250 0.000147 0.024778 0.001004 0.000261 0.000000 0.325064 0.000198 0.000509 0.133917 0.000000 0.000000 0.000479 
425 0.010804 0.000820 0.000096 0.000000 0.006709 0.004607 0.003748 0.299345 0.052401 0.041820 0.000819 0.028502 0.002633 0.000551 0.000000 0.253623 0.001178 0.019264 0.245574 0.000000 0.000000 0.039132 
426 0.013696 0.001257 0.000355 0.000000 0.000947 0.000115 0.000511 0.585973 0.012093 0.000145 0.000079 0.004646 0.000448 0.000298 0.000000 0.370171 0.000078 0.000121 0.023464 0.000000 0.000000 0.000557 
428 0.013696 0.001257 0.000355 0.000000 0.000947 0.000115 0.000511 0.585973 0.012093 0.000145 0.000079 0.004646 0.000448 0.000298 0.000000 0.370171 0.000078 0.000121 0.023464 0.000000 0.000000 0.000557 
429 0.013696 0.001257 0.000355 0.000000 0.000947 0.000115 0.000511 0.585973 0.012093 0.000145 0.000079 0.004646 0.000448 0.000298 0.000000 0.370171 0.000078 0.000121 0.023464 0.000000 0.000000 0.000557 
430 0.011418 0.000855 0.000637 0.000000 0.002905 0.004633 0.001149 0.350147 0.070000 0.028103 0.000738 0.022118 0.002392 0.000521 0.000000 0.248500 0.001263 0.008507 0.234054 0.000000 0.000000 0.024333 
431 0.010611 0.000811 0.000890 0.000000 0.014738 0.003005 0.001649 0.358400 0.052317 0.042597 0.000529 0.017328 0.005360 0.000402 0.000000 0.196675 0.001740 0.026997 0.232533 0.000000 0.000000 0.044840 
432 0.011286 0.000846 0.000647 0.000000 0.003259 0.004495 0.000550 0.349350 0.066457 0.030506 0.001410 0.019728 0.002413 0.000259 0.000000 0.246775 0.001257 0.008556 0.234591 0.000000 0.000000 0.029748 
433 0.013200 0.001077 0.000051 0.000000 0.000279 0.000392 0.000032 0.501734 0.013484 0.001198 0.000139 0.024830 0.001015 0.000362 0.000000 0.342755 0.000180 0.000455 0.112631 0.000000 0.000000 0.000463 
434 0.013524 0.001185 0.000116 0.000000 0.000571 0.000363 0.000097 0.528201 0.007256 0.001257 0.000085 0.021171 0.001086 0.000163 0.000000 0.385108 0.000186 0.000531 0.053413 0.000000 0.000000 0.000398 
436 0.013849 0.001367 0.000597 0.000000 0.000002 0.000425 0.000533 0.716545 0.014622 0.000101 0.000353 0.007455 0.000993 0.000675 0.000000 0.255941 0.000097 0.000285 0.000927 0.000000 0.000000 0.000449 
438 0.013195 0.001076 0.000209 0.000000 0.000508 0.000307 0.001090 0.517330 0.011097 0.000928 0.000183 0.022930 0.000210 0.000261 0.000000 0.326320 0.000184 0.000305 0.117621 0.000000 0.000000 0.000517 
439 0.013849 0.001367 0.000597 0.000000 0.000002 0.000425 0.000533 0.716545 0.014622 0.000101 0.000353 0.007455 0.000993 0.000675 0.000000 0.255941 0.000097 0.000285 0.000927 0.000000 0.000000 0.000449 
440 0.011475 0.000857 0.000238 0.000000 0.002650 0.007996 0.003429 0.352010 0.056021 0.048904 0.001401 0.027130 0.006241 0.000149 0.000000 0.249016 0.000009 0.012090 0.216663 0.000000 0.000000 0.016052 
441 0.011744 0.000877 0.000044 0.000000 0.002741 0.000041 0.001696 0.381577 0.046624 0.024395 0.001000 0.019269 0.001148 0.000672 0.000000 0.269981 0.000257 0.007970 0.222128 0.000000 0.000000 0.020456 
443 0.013151 0.001063 0.000143 0.000000 0.001353 0.000669 0.000337 0.507449 0.011536 0.000901 0.000333 0.018606 0.000776 0.000297 0.000000 0.332334 0.000187 0.000452 0.124363 0.000000 0.000000 0.000262 
444 0.013805 0.001311 0.000577 0.000000 0.001657 0.000422 0.000589 0.588150 0.005217 0.000983 0.000170 0.014363 0.000473 0.000398 0.000000 0.384834 0.000147 0.000143 0.001383 0.000000 0.000000 0.000494 
445 0.010427 0.000804 0.000146 0.000000 0.011284 0.000930 0.003351 0.326286 0.065066 0.049303 0.002445 0.015403 0.005589 0.001665 0.000000 0.208096 0.000004 0.020757 0.238313 0.000000 0.000000 0.051361 
447 0.012456 0.000936 0.000061 0.000000 0.001938 0.000103 0.000252 0.436094 0.057652 0.000648 0.000944 0.006857 0.001580 0.000283 0.000000 0.270080 0.000094 0.001529 0.220964 0.000000 0.000000 0.000922 
452 0.012188 0.000912 0.000692 0.000000 0.002443 0.001492 0.000491 0.399209 0.069248 0.005676 0.000606 0.015150 0.004046 0.000173 0.000000 0.270332 0.000049 0.003322 0.220783 0.000000 0.000000 0.006289 
453 0.013398 0.001138 0.000222 0.000000 0.000148 0.000474 0.000322 0.552397 0.008116 0.001286 0.000019 0.021356 0.000372 0.000305 0.000000 0.331852 0.000089 0.000161 0.082318 0.000000 0.000000 0.000564 
455 0.013020 0.001031 0.000431 0.000000 0.000081 0.000134 0.000837 0.488267 0.017772 0.000449 0.000180 0.010604 0.000403 0.000509 0.000000 0.332919 0.000232 0.000097 0.146476 0.000000 0.000000 0.000610 
456 0.012048 0.000900 0.000376 0.000000 0.001045 0.001379 0.000853 0.401163 0.063755 0.005681 0.001282 0.018605 0.000892 0.000209 0.000000 0.254869 0.000176 0.005455 0.233887 0.000000 0.000000 0.010374 
457 0.012619 0.000956 0.000305 0.000000 0.000652 0.000130 0.000395 0.422500 0.047601 0.000654 0.000321 0.011142 0.000635 0.000372 0.000000 0.312624 0.000145 0.000739 0.201701 0.000000 0.000000 0.000084 
458 0.010803 0.000819 0.000638 0.000000 0.010919 0.004140 0.001519 0.349662 0.052955 0.041094 0.000544 0.014887 0.005017 0.000463 0.000000 0.228757 0.001944 0.022204 0.223323 0.000000 0.000000 0.041934 
459 0.010010 0.000792 0.002210 0.000000 0.011199 0.005685 0.002323 0.302086 0.058433 0.059629 0.003727 0.025825 0.008432 0.001343 0.000000 0.200764 0.001534 0.030237 0.228354 0.000000 0.000000 0.058221 
461 0.011066 0.000834 0.000266 0.000000 0.004771 0.004496 0.004811 0.329157 0.058280 0.042605 0.001299 0.017493 0.002222 0.000430 0.000000 0.252941 0.000950 0.013125 0.234060 0.000000 0.000000 0.033095 
463 0.009531 0.000781 0.001339 0.000000 0.022379 0.008057 0.004456 0.287306 0.071508 0.065776 0.000981 0.007840 0.002560 0.001536 0.000000 0.201340 0.002561 0.047660 0.203970 0.000000 0.000000 0.070732 
465 0.010904 0.000825 0.000390 0.000000 0.010265 0.003735 0.002607 0.350909 0.047587 0.047764 0.000537 0.019691 0.004918 0.000838 0.000000 0.231464 0.001659 0.016351 0.221606 0.000000 0.000000 0.039679 
467 0.013150 0.001064 0.000218 0.000000 0.000799 0.000463 0.000061 0.501937 0.030898 0.001160 0.000110 0.016315 0.000857 0.000013 0.000000 0.333817 0.000192 0.000264 0.112533 0.000000 0.000000 0.000361 
470 0.013709 0.001263 0.000406 0.000000 0.000416 0.000194 0.000305 0.626859 0.010971 0.000210 0.000283 0.005282 0.000540 0.000247 0.000000 0.326225 0.000005 0.000356 0.027701 0.000000 0.000000 0.000000 
471 0.011700 0.000874 0.000399 0.000000 0.005888 0.006860 0.001568 0.377282 0.072685 0.014391 0.000675 0.017726 0.001933 0.000114 0.000000 0.234622 0.000129 0.001492 0.245619 0.000000 0.000000 0.018617 
472 0.009537 0.000783 0.000896 0.000000 0.013556 0.004512 0.003739 0.278460 0.062478 0.045526 0.001123 0.013400 0.002404 0.001199 0.000000 0.223325 0.002624 0.046562 0.219488 0.000000 0.000000 0.080709 
475 0.009182 0.000781 0.001911 0.000000 0.013012 0.005752 0.002341 0.179545 0.063842 0.088064 0.002628 0.031434 0.010696 0.001149 0.000000 0.229407 0.001931 0.034945 0.262232 0.000000 0.000000 0.071111 
476 0.009629 0.000782 0.001569 0.000000 0.020601 0.007525 0.004379 0.293636 0.071829 0.061456 0.000790 0.007733 0.002475 0.001777 0.000000 0.203116 0.002283 0.050680 0.203432 0.000000 0.000000 0.066718 
482 0.013696 0.001257 0.000355 0.000000 0.000947 0.000115 0.000511 0.585973 0.012093 0.000145 0.000079 0.004646 0.000448 0.000298 0.000000 0.370171 0.000078 0.000121 0.023464 0.000000 0.000000 0.000557 
483 0.010427 0.000804 0.000146 0.000000 0.011284 0.000930 0.003351 0.326286 0.065066 0.049303 0.002445 0.015403 0.005589 0.001665 0.000000 0.208096 0.000004 0.020757 0.238313 0.000000 0.000000 0.051361 
486 0.013619 0.001221 0.000253 0.000000 0.000626 0.000116 0.000472 0.543109 0.005739 0.000264 0.000610 0.002345 0.000006 0.000214 0.000000 0.405439 0.000065 0.000105 0.040361 0.000000 0.000000 0.000275 
488 0.012436 0.000934 0.000089 0.000000 0.001677 0.000097 0.000390 0.427823 0.063365 0.000772 0.000814 0.006239 0.001380 0.000259 0.000000 0.272901 0.000194 0.000636 0.222260 0.000000 0.000000 0.001104 
490 0.010010 0.000792 0.002210 0.000000 0.011199 0.005685 0.002323 0.302086 0.058433 0.059629 0.003727 0.025825 0.008432 0.001343 0.000000 0.200764 0.001534 0.030237 0.228354 0.000000 0.000000 0.058221 
491 0.011166 0.000838 0.000193 0.000000 0.005470 0.004468 0.004280 0.338016 0.055210 0.041765 0.001244 0.014936 0.002259 0.000126 0.000000 0.254211 0.000846 0.013291 0.234070 0.000000 0.000000 0.029615 
494 0.012046 0.000899 0.000250 0.000000 0.002238 0.001809 0.000419 0.400785 0.064357 0.009248 0.001268 0.019445 0.000793 0.000293 0.000000 0.251699 0.000091 0.005505 0.232895 0.000000 0.000000 0.008904 
495 0.013813 0.001317 0.000434 0.000000 0.001482 0.000616 0.000761 0.610084 0.006208 0.001672 0.000166 0.010883 0.000441 0.000393 0.000000 0.365235 0.000175 0.000161 0.000826 0.000000 0.000000 0.000462 
497 0.011166 0.000838 0.000193 0.000000 0.005470 0.004468 0.004280 0.338016 0.055210 0.041765 0.001244 0.014936 0.002259 0.000126 0.000000 0.254211 0.000846 0.013291 0.234070 0.000000 0.000000 0.029615 
506 0.011283 0.000846 0.000767 0.000000 0.005293 0.003843 0.000344 0.338919 0.072203 0.027841 0.000943 0.014564 0.004023 0.000093 0.000000 0.270501 0.000691 0.009960 0.216928 0.000000 0.000000 0.033087 
509 0.012969 0.001020 0.000451 0.000000 0.000668 0.000301 0.000327 0.470789 0.026120 0.000673 0.000390 0.033347 0.000535 0.000370 0.000000 0.317430 0.000220 0.000680 0.147653 0.000000 0.000000 0.000046 
510 0.012204 0.000913 0.000164 0.000000 0.001005 0.001651 0.000583 0.428511 0.065064 0.006024 0.000835 0.010272 0.001603 0.000082 0.000000 0.254607 0.000390 0.000845 0.218303 0.000000 0.000000 0.010061 
511 0.011927 0.000890 0.000370 0.000000 0.001022 0.001612 0.001916 0.417140 0.061668 0.009490 0.000092 0.014330 0.000830 0.000331 0.000000 0.235965 0.000179 0.005464 0.233597 0.000000 0.000000 0.015995 
513 0.012232 0.000917 0.000319 0.000000 0.001595 0.001130 0.000052 0.448187 0.056463 0.008061 0.001127 0.002831 0.001540 0.000076 0.000000 0.241116 0.000446 0.002116 0.228549 0.000000 0.000000 0.006393 
515 0.010036 0.000790 0.000853 0.000000 0.015480 0.007263 0.002629 0.296603 0.082616 0.066754 0.000928 0.015707 0.002782 0.001381 0.000000 0.191122 0.001531 0.030155 0.231404 0.000000 0.000000 0.052792 
518 0.011153 0.000838 0.000342 0.000000 0.004027 0.002592 0.001903 0.339629 0.042479 0.044480 0.000484 0.017693 0.005067 0.001004 0.000000 0.262419 0.000710 0.010663 0.233350 0.000000 0.000000 0.033157 
524 0.010676 0.000813 0.000793 0.000000 0.016985 0.004249 0.001413 0.344416 0.052445 0.041096 0.000646 0.012847 0.004997 0.000324 0.000000 0.225165 0.002232 0.025279 0.222833 0.000000 0.000000 0.044283 
525 0.013129 0.001058 0.000251 0.000000 0.001038 0.000687 0.000123 0.496602 0.002846 0.000627 0.000559 0.014614 0.000935 0.000287 0.000000 0.346921 0.000162 0.000412 0.133650 0.000000 0.000000 0.000284 
527 0.013713 0.001266 0.000134 0.000000 0.000618 0.000344 0.000422 0.550515 0.008512 0.001215 0.000164 0.014849 0.001137 0.000072 0.000000 0.405106 0.000204 0.000568 0.015678 0.000000 0.000000 0.000462 
529 0.013524 0.001185 0.000116 0.000000 0.000571 0.000363 0.000097 0.528201 0.007256 0.001257 0.000085 0.021171 0.001086 0.000163 0.000000 0.385108 0.000186 0.000531 0.053413 0.000000 0.000000 0.000398 
531 0.013048 0.001037 0.000085 0.000000 0.000217 0.000454 0.000175 0.489282 0.012830 0.001045 0.000119 0.024256 0.001216 0.000337 0.000000 0.326271 0.000212 0.000510 0.142439 0.000000 0.000000 0.000553 
534 0.013524 0.001185 0.000116 0.000000 0.000571 0.000363 0.000097 0.528201 0.007256 0.001257 0.000085 0.021171 0.001086 0.000163 0.000000 0.385108 0.000186 0.000531 0.053413 0.000000 0.000000 0.000398 
536 0.011614 0.000868 0.000584 0.000000 0.005614 0.006468 0.001137 0.373546 0.074129 0.025695 0.000921 0.015336 0.002686 0.000208 0.000000 0.227046 0.000324 0.005172 0.246297 0.000000 0.000000 0.014837 
538 0.013865 0.001384 0.000573 0.000000 0.000089 0.000280 0.000530 0.737447 0.014853 0.000113 0.000301 0.006837 0.001272 0.000580 0.000000 0.236190 0.000099 0.000228 0.000169 0.000000 0.000000 0.000439 
540 0.011166 0.000838 0.000193 0.000000 0.005470 0.004468 0.004280 0.338016 0.055210 0.041765 0.001244 0.014936 0.002259 0.000126 0.000000 0.254211 0.000846 0.013291 0.234070 0.000000 0.000000 0.029615 
542 0.013251 0.001092 0.000252 0.000000 0.000439 0.000513 0.000344 0.509252 0.012235 0.000605 0.000566 0.014247 0.000828 0.000206 0.000000 0.354667 0.000186 0.000256 0.105165 0.000000 0.000000 0.000239 
544 0.010503 0.000807 0.000815 0.000000 0.010339 0.003643 0.001458 0.354572 0.054287 0.039583 0.000778 0.003253 0.004302 0.000340 0.000000 0.215123 0.002033 0.029896 0.228499 0.000000 0.000000 0.051079 
545 0.013453 0.001158 0.000227 0.000000 0.000601 0.000686 0.000228 0.525806 0.004897 0.000642 0.000427 0.018325 0.000732 0.000287 0.000000 0.376470 0.000163 0.000232 0.069960 0.000000 0.000000 0.000319 
546 0.013489 0.001173 0.000149 0.000000 0.000282 0.000298 0.000084 0.520317 0.006559 0.001082 0.000109 0.024093 0.001358 0.000301 0.000000 0.384546 0.000193 0.000544 0.059647 0.000000 0.000000 0.000439 
547 0.013332 0.001117 0.000334 0.000000 0.000849 0.000258 0.000711 0.524899 0.002066 0.000654 0.000478 0.003561 0.000267 0.000361 0.000000 0.367495 0.000114 0.000436 0.097307 0.000000 0.000000 0.000209 
548 0.011978 0.000894 0.000268 0.000000 0.004327 0.002003 0.000422 0.407658 0.061822 0.007857 0.000759 0.011673 0.001801 0.000082 0.000000 0.248602 0.000451 0.004496 0.234859 0.000000 0.000000 0.012919 
553 0.012102 0.000905 0.000354 0.000000 0.002109 0.001309 0.000067 0.405036 0.065444 0.001727 0.001279 0.018557 0.001542 0.000272 0.000000 0.252107 0.000106 0.003792 0.237098 0.000000 0.000000 0.009200 
554 0.009629 0.000782 0.001569 0.000000 0.020601 0.007525 0.004379 0.293636 0.071829 0.061456 0.000790 0.007733 0.002475 0.001777 0.000000 0.203116 0.002283 0.050680 0.203432 0.000000 0.000000 0.066718 
555 0.011166 0.000838 0.000193 0.000000 0.005470 0.004468 0.004280 0.338016 0.055210 0.041765 0.001244 0.014936 0.002259 0.000126 0.000000 0.254211 0.000846 0.013291 0.234070 0.000000 0.000000 0.029615 
556 0.010676 0.000813 0.000793 0.000000 0.016985 0.004249 0.001413 0.344416 0.052445 0.041096 0.000646 0.012847 0.004997 0.000324 0.000000 0.225165 0.002232 0.025279 0.222833 0.000000 0.000000 0.044283 
559 0.013106 0.001052 0.000084 0.000000 0.000253 0.000278 0.000209 0.497501 0.012830 0.000848 0.000354 0.023636 0.001127 0.000343 0.000000 0.330086 0.000213 0.000476 0.131170 0.000000 0.000000 0.000590 
562 0.012383 0.000929 0.000141 0.000000 0.001614 0.000110 0.000608 0.430459 0.067489 0.002079 0.000869 0.004624 0.001396 0.000234 0.000000 0.264605 0.000238 0.001189 0.222270 0.000000 0.000000 0.002078 
564 0.013048 0.001037 0.000085 0.000000 0.000217 0.000454 0.000175 0.489282 0.012830 0.001045 0.000119 0.024256 0.001216 0.000337 0.000000 0.326271 0.000212 0.000510 0.142439 0.000000 0.000000 0.000553 
565 0.013729 0.001274 0.000596 0.000000 0.000694 0.000125 0.000665 0.612113 0.007034 0.000360 0.000462 0.007128 0.000172 0.000295 0.000000 0.348098 0.000132 0.000205 0.021614 0.000000 0.000000 0.000308 
568 0.010676 0.000813 0.000793 0.000000 0.016985 0.004249 0.001413 0.344416 0.052445 0.041096 0.000646 0.012847 0.004997 0.000324 0.000000 0.225165 0.002232 0.025279 0.222833 0.000000 0.000000 0.044283 
569 0.011510 0.000861 0.000205 0.000000 0.001430 0.003213 0.002452 0.355832 0.052215 0.025412 0.001327 0.029211 0.005482 0.000491 0.000000 0.257274 0.000275 0.013862 0.229259 0.000000 0.000000 0.022061 
570 0.013696 0.001257 0.000355 0.000000 0.000947 0.000115 0.000511 0.585973 0.012093 0.000145 0.000079 0.004646 0.000448 0.000298 0.000000 0.370171 0.000078 0.000121 0.023464 0.000000 0.000000 0.000557 
572 0.010528 0.000806 0.000137 0.000000 0.010276 0.001001 0.002237 0.329226 0.062716 0.041592 0.001827 0.013424 0.004798 0.001049 0.000000 0.225979 0.000002 0.020251 0.232037 0.000000 0.000000 0.053446 
574 0.013402 0.001140 0.000426 0.000000 0.000897 0.000086 0.000445 0.541992 0.004356 0.000639 0.000376 0.003024 0.000150 0.000349 0.000000 0.363106 0.000150 0.000460 0.083284 0.000000 0.000000 0.000259 
575 0.013580 0.001204 0.000356 0.000000 0.000609 0.000130 0.000297 0.588513 0.009224 0.000302 0.000264 0.004927 0.000297 0.000192 0.000000 0.343016 0.000064 0.000374 0.051368 0.000000 0.000000 0.000068 
578 0.012940 0.001013 0.000422 0.000000 0.000388 0.000239 0.000764 0.484642 0.028622 0.000568 0.000236 0.007171 0.000118 0.000455 0.000000 0.320647 0.000115 0.000247 0.154708 0.000000 0.000000 0.000658 
579 0.011551 0.000864 0.000568 0.000000 0.000661 0.003729 0.000150 0.360652 0.067878 0.024111 0.001188 0.021282 0.001887 0.000708 0.000000 0.255825 0.001072 0.002431 0.232721 0.000000 0.000000 0.025137 
582 0.010769 0.000818 0.000721 0.000000 0.009484 0.003564 0.001308 0.349846 0.049990 0.032574 0.000455 0.014547 0.004804 0.000533 0.000000 0.234167 0.001781 0.030328 0.222711 0.000000 0.000000 0.043186 
583 0.011604 0.000868 0.000656 0.000000 0.007156 0.006826 0.001084 0.368839 0.075435 0.031265 0.001114 0.015679 0.002927 0.000090 0.000000 0.226394 0.000350 0.005257 0.244502 0.000000 0.000000 0.012425 
587 0.010676 0.000813 0.000793 0.000000 0.016985 0.004249 0.001413 0.344416 0.052445 0.041096 0.000646 0.012847 0.004997 0.000324 0.000000 0.225165 0.002232 0.025279 0.222833 0.000000 0.000000 0.044283 
590 0.013408 0.001141 0.000293 0.000000 0.000192 0.000392 0.000115 0.504360 0.008766 0.000201 0.000147 0.034046 0.001394 0.000155 0.000000 0.373365 0.000202 0.000260 0.076006 0.000000 0.000000 0.000107 
593 0.013095 0.001048 0.000074 0.000000 0.000224 0.000428 0.000203 0.498197 0.013267 0.001250 0.000147 0.024778 0.001004 0.000261 0.000000 0.325064 0.000198 0.000509 0.133917 0.000000 0.000000 0.000479 
594 0.012691 0.000968 0.000264 0.000000 0.001110 0.000067 0.000163 0.463758 0.026115 0.000689 0.000341 0.006251 0.000897 0.000310 0.000000 0.297109 0.000179 0.000796 0.200768 0.000000 0.000000 0.001184 
595 0.010143 0.000797 0.000929 0.000000 0.021426 0.004400 0.003584 0.287144 0.070242 0.039365 0.000902 0.013635 0.002398 0.001226 0.000000 0.216864 0.001811 0.032159 0.249713 0.000000 0.000000 0.054202 
596 0.012921 0.001007 0.000107 0.000000 0.000282 0.000370 0.000287 0.484178 0.023166 0.001066 0.000383 0.021737 0.000293 0.000264 0.000000 0.303698 0.000213 0.000533 0.163330 0.000000 0.000000 0.000093 
599 0.012633 0.000960 0.000111 0.000000 0.001640 0.000115 0.000484 0.463239 0.058695 0.000889 0.000540 0.011913 0.001965 0.000272 0.000000 0.270433 0.000164 0.000703 0.187631 0.000000 0.000000 0.001206 
601 0.013048 0.001037 0.000085 0.000000 0.000217 0.000454 0.000175 0.489282 0.012830 0.001045 0.000119 0.024256 0.001216 0.000337 0.000000 0.326271 0.000212 0.000510 0.142439 0.000000 0.000000 0.000553 
604 0.013598 0.001217 0.000361 0.000000 0.000974 0.000447 0.000118 0.552590 0.008226 0.001085 0.000184 0.027295 0.001297 0.000154 0.000000 0.367457 0.000255 0.000539 0.038869 0.000000 0.000000 0.000149 
605 0.012837 0.000992 0.000014 0.000000 0.000319 0.000372 0.000289 0.455336 0.014384 0.000923 0.000156 0.028952 0.001209 0.000173 0.000000 0.314853 0.000310 0.000544 0.181703 0.000000 0.000000 0.000462 
608 0.012232 0.000917 0.000319 0.000000 0.001595 0.001130 0.000052 0.448187 0.056463 0.008061 0.001127 0.002831 0.001540 0.000076 0.000000 0.241116 0.000446 0.002116 0.228549 0.000000 0.000000 0.006393 
609 0.012383 0.000929 0.000141 0.000000 0.001614 0.000110 0.000608 0.430459 0.067489 0.002079 0.000869 0.004624 0.001396 0.000234 0.000000 0.264605 0.000238 0.001189 0.222270 0.000000 0.000000 0.002078 
612 0.012621 0.000955 0.000309 0.000000 0.000519 0.000131 0.000414 0.429056 0.048353 0.000521 0.000247 0.012317 0.000715 0.000362 0.000000 0.303836 0.000109 0.000649 0.202436 0.000000 0.000000 0.000026 
613 0.012444 0.000935 0.000113 0.000000 0.001655 0.000092 0.000487 0.428250 0.063959 0.000605 0.000773 0.006415 0.001374 0.000268 0.000000 0.272619 0.000179 0.000705 0.221708 0.000000 0.000000 0.000799 
614 0.009755 0.000787 0.001163 0.000000 0.027439 0.010514 0.003224 0.290852 0.076862 0.059503 0.000980 0.015462 0.002499 0.001379 0.000000 0.175831 0.002168 0.028693 0.239094 0.000000 0.000000 0.064338 
625 0.013587 0.001210 0.000372 0.000000 0.000959 0.000599 0.000307 0.552077 0.004787 0.000672 0.000341 0.018954 0.000603 0.000314 0.000000 0.374496 0.000155 0.000252 0.044832 0.000000 0.000000 0.000280 
626 0.009537 0.000783 0.000896 0.000000 0.013556 0.004512 0.003739 0.278460 0.062478 0.045526 0.001123 0.013400 0.002404 0.001199 0.000000 0.223325 0.002624 0.046562 0.219488 0.000000 0.000000 0.080709 
627 0.012969 0.001020 0.000451 0.000000 0.000668 0.000301 0.000327 0.470789 0.026120 0.000673 0.000390 0.033347 0.000535 0.000370 0.000000 0.317430 0.000220 0.000680 0.147653 0.000000 0.000000 0.000046 
629 0.011970 0.000894 0.000392 0.000000 0.005929 0.004709 0.002129 0.388716 0.073807 0.015896 0.000779 0.011720 0.001680 0.000217 0.000000 0.255155 0.000045 0.001021 0.227479 0.000000 0.000000 0.010325 
631 0.010217 0.000796 0.000888 0.000000 0.019349 0.003463 0.001878 0.278546 0.059880 0.040781 0.000746 0.017989 0.003651 0.000343 0.000000 0.248061 0.001521 0.026004 0.236942 0.000000 0.000000 0.059960 
633 0.012641 0.000961 0.000254 0.000000 0.001404 0.000145 0.000244 0.451859 0.051836 0.000895 0.001001 0.018620 0.001422 0.000333 0.000000 0.280205 0.000164 0.000949 0.190109 0.000000 0.000000 0.000560 
634 0.013740 0.001277 0.000524 0.000000 0.000714 0.000116 0.000505 0.613293 0.006390 0.000231 0.000518 0.002815 0.000132 0.000296 0.000000 0.353100 0.000060 0.000099 0.020823 0.000000 0.000000 0.000384 
635 0.012874 0.001000 0.000286 0.000000 0.001208 0.000342 0.000330 0.465487 0.026771 0.000618 0.000452 0.027041 0.000467 0.000359 0.000000 0.310850 0.000221 0.000831 0.164302 0.000000 0.000000 0.000435 
638 0.011066 0.000834 0.000266 0.000000 0.004771 0.004496 0.004811 0.329157 0.058280 0.042605 0.001299 0.017493 0.002222 0.000430 0.000000 0.252941 0.000950 0.013125 0.234060 0.000000 0.000000 0.033095 
642 0.012008 0.000897 0.000303 0.000000 0.004943 0.001640 0.000082 0.446896 0.056274 0.021919 0.000997 0.000837 0.001602 0.000223 0.000000 0.231011 0.000026 0.003623 0.217164 0.000000 0.000000 0.012461 
645 0.012849 0.000995 0.000230 0.000000 0.001234 0.000224 0.001117 0.475296 0.022389 0.000808 0.000256 0.005337 0.000409 0.000392 0.000000 0.315644 0.000249 0.000266 0.175537 0.000000 0.000000 0.000611 
648 0.012082 0.000903 0.000336 0.000000 0.001654 0.001848 0.000633 0.419229 0.060872 0.010490 0.001034 0.001562 0.002709 0.000040 0.000000 0.256024 0.000342 0.001445 0.231291 0.000000 0.000000 0.010492 
649 0.012444 0.000935 0.000113 0.000000 0.001655 0.000092 0.000487 0.428250 0.063959 0.000605 0.000773 0.006415 0.001374 0.000268 0.000000 0.272619 0.000179 0.000705 0.221708 0.000000 0.000000 0.000799 
650 0.012639 0.000960 0.000114 0.000000 0.001883 0.000112 0.000490 0.459617 0.064477 0.000844 0.000741 0.005397 0.001114 0.000290 0.000000 0.277726 0.000180 0.000383 0.186014 0.000000 0.000000 0.000618 
651 0.013578 0.001207 0.000526 0.000000 0.001009 0.000195 0.000261 0.557459 0.008386 0.000403 0.000421 0.002722 0.000361 0.000315 0.000000 0.380815 0.000074 0.000415 0.046511 0.000000 0.000000 0.000126 
653 0.011098 0.000834 0.000028 0.000000 0.003575 0.002553 0.002406 0.344856 0.048858 0.032430 0.001263 0.032096 0.005674 0.000457 0.000000 0.247706 0.000551 0.021518 0.220045 0.000000 0.000000 0.035982 
659 0.012158 0.000909 0.000294 0.000000 0.001695 0.002182 0.000185 0.399316 0.045783 0.014232 0.000331 0.011449 0.001884 0.000603 0.000000 0.287106 0.000042 0.000217 0.224704 0.000000 0.000000 0.009977 
660 0.012664 0.000965 0.000106 0.000000 0.001907 0.000113 0.000449 0.468111 0.065000 0.000497 0.000500 0.006504 0.001186 0.000289 0.000000 0.273821 0.000038 0.000695 0.179566 0.000000 0.000000 0.001220 
661 0.013805 0.001311 0.000577 0.000000 0.001657 0.000422 0.000589 0.588150 0.005217 0.000983 0.000170 0.014363 0.000473 0.000398 0.000000 0.384834 0.000147 0.000143 0.001383 0.000000 0.000000 0.000494 
662 0.010916 0.000825 0.000554 0.000000 0.000370 0.003690 0.002605 0.334278 0.057449 0.039402 0.001679 0.016610 0.001793 0.000197 0.000000 0.251029 0.001157 0.017049 0.230847 0.000000 0.000000 0.041292 
664 0.012383 0.000929 0.000141 0.000000 0.001614 0.000110 0.000608 0.430459 0.067489 0.002079 0.000869 0.004624 0.001396 0.000234 0.000000 0.264605 0.000238 0.001189 0.222270 0.000000 0.000000 0.002078 
665 0.009220 0.000781 0.001775 0.000000 0.020564 0.004691 0.001695 0.194989 0.057022 0.119645 0.004265 0.024125 0.008449 0.003842 0.000000 0.228771 0.002565 0.039677 0.229892 0.000000 0.000000 0.058035 
669 0.011331 0.000848 0.000233 0.000000 0.002900 0.005862 0.003244 0.350133 0.061042 0.047757 0.001533 0.028573 0.006433 0.000309 0.000000 0.241718 0.000196 0.010460 0.215761 0.000000 0.000000 0.023846 
670 0.013696 0.001257 0.000355 0.000000 0.000947 0.000115 0.000511 0.585973 0.012093 0.000145 0.000079 0.004646 0.000448 0.000298 0.000000 0.370171 0.000078 0.000121 0.023464 0.000000 0.000000 0.000557 
671 0.013018 0.001030 0.000051 0.000000 0.000277 0.000397 0.000271 0.493780 0.015950 0.000986 0.000166 0.030362 0.001272 0.000189 0.000000 0.308496 0.000315 0.000766 0.146229 0.000000 0.000000 0.000492 
673 0.013048 0.001037 0.000085 0.000000 0.000217 0.000454 0.000175 0.489282 0.012830 0.001045 0.000119 0.024256 0.001216 0.000337 0.000000 0.326271 0.000212 0.000510 0.142439 0.000000 0.000000 0.000553 
678 0.013805 0.001311 0.000577 0.000000 0.001657 0.000422 0.000589 0.588150 0.005217 0.000983 0.000170 0.014363 0.000473 0.000398 0.000000 0.384834 0.000147 0.000143 0.001383 0.000000 0.000000 0.000494 
679 0.009984 0.000789 0.001258 0.000000 0.014029 0.008288 0.005147 0.294513 0.071922 0.063953 0.000975 0.010746 0.002519 0.001163 0.000000 0.205877 0.002289 0.047550 0.221105 0.000000 0.000000 0.048666 
681 0.013341 0.001118 0.000144 0.000000 0.000352 0.000509 0.000247 0.514116 0.005216 0.000592 0.000443 0.021968 0.000835 0.000344 0.000000 0.361971 0.000164 0.000372 0.092683 0.000000 0.000000 0.000045 
685 0.012330 0.000925 0.000192 0.000000 0.001928 0.000427 0.000684 0.427889 0.062734 0.000186 0.000519 0.003399 0.001849 0.000458 0.000000 0.258370 0.000245 0.001824 0.237426 0.000000 0.000000 0.001870 
687 0.012606 0.000956 0.000587 0.000000 0.000651 0.000135 0.000790 0.440351 0.040879 0.000888 0.000147 0.028940 0.001055 0.000415 0.000000 0.279176 0.000261 0.000825 0.204007 0.000000 0.000000 0.000893 
690 0.013580 0.001204 0.000356 0.000000 0.000609 0.000130 0.000297 0.588513 0.009224 0.000302 0.000264 0.004927 0.000297 0.000192 0.000000 0.343016 0.000064 0.000374 0.051368 0.000000 0.000000 0.000068 
691 0.012750 0.000978 0.000047 0.000000 0.000750 0.000063 0.000213 0.465403 0.023661 0.000495 0.000347 0.005099 0.000949 0.000424 0.000000 0.308956 0.000168 0.000888 0.191318 0.000000 0.000000 0.001220 
699 0.010143 0.000797 0.000929 0.000000 0.021426 0.004400 0.003584 0.287144 0.070242 0.039365 0.000902 0.013635 0.002398 0.001226 0.000000 0.216864 0.001811 0.032159 0.249713 0.000000 0.000000 0.054202 
700 0.011510 0.000861 0.000205 0.000000 0.001430 0.003213 0.002452 0.355832 0.052215 0.025412 0.001327 0.029211 0.005482 0.000491 0.000000 0.257274 0.000275 0.013862 0.229259 0.000000 0.000000 0.022061 
703 0.011901 0.000888 0.000114 0.000000 0.003156 0.000002 0.000991 0.385047 0.056789 0.010206 0.000275 0.014351 0.001248 0.000534 0.000000 0.272970 0.000267 0.006403 0.230896 0.000000 0.000000 0.016753 
707 0.012383 0.000929 0.000141 0.000000 0.001614 0.000110 0.000608 0.430459 0.067489 0.002079 0.000869 0.004624 0.001396 0.000234 0.000000 0.264605 0.000238 0.001189 0.222270 0.000000 0.000000 0.002078 
709 0.013106 0.001051 0.000051 0.000000 0.000692 0.000302 0.000120 0.501090 0.015138 0.001161 0.000205 0.026879 0.001025 0.000319 0.000000 0.321637 0.000185 0.000667 0.130213 0.000000 0.000000 0.000316 
710 0.012639 0.000960 0.000061 0.000000 0.001230 0.000224 0.000507 0.438679 0.046029 0.001305 0.000556 0.016491 0.001824 0.000456 0.000000 0.297165 0.000271 0.001304 0.193613 0.000000 0.000000 0.000285 
713 0.011253 0.000844 0.000786 0.000000 0.005212 0.005255 0.001972 0.357219 0.069748 0.046681 0.001137 0.026328 0.000167 0.000450 0.000000 0.231298 0.001151 0.003471 0.217926 0.000000 0.000000 0.031200 
714 0.013267 0.001098 0.000169 0.000000 0.000730 0.000308 0.000667 0.483901 0.004496 0.000931 0.000264 0.013795 0.000834 0.000305 0.000000 0.387982 0.000163 0.000368 0.104978 0.000000 0.000000 0.000109 
715 0.013633 0.001230 0.000147 0.000000 0.000360 0.000452 0.000485 0.528972 0.007508 0.001300 0.000137 0.018121 0.000915 0.000141 0.000000 0.408837 0.000254 0.000556 0.031615 0.000000 0.000000 0.000199 
716 0.010143 0.000797 0.000929 0.000000 0.021426 0.004400 0.003584 0.287144 0.070242 0.039365 0.000902 0.013635 0.002398 0.001226 0.000000 0.216864 0.001811 0.032159 0.249713 0.000000 0.000000 0.054202 
718 0.010143 0.000797 0.000929 0.000000 0.021426 0.004400 0.003584 0.287144 0.070242 0.039365 0.000902 0.013635 0.002398 0.001226 0.000000 0.216864 0.001811 0.032159 0.249713 0.000000 0.000000 0.054202 
721 0.009531 0.000781 0.001339 0.000000 0.022379 0.008057 0.004456 0.287306 0.071508 0.065776 0.000981 0.007840 0.002560 0.001536 0.000000 0.201340 0.002561 0.047660 0.203970 0.000000 0.000000 0.070732 
722 0.013393 0.001135 0.000205 0.000000 0.000300 0.000466 0.000390 0.533029 0.007583 0.001236 0.000023 0.019119 0.000368 0.000255 0.000000 0.354096 0.000080 0.000174 0.082160 0.000000 0.000000 0.000515 
723 0.011166 0.000838 0.000193 0.000000 0.005470 0.004468 0.004280 0.338016 0.055210 0.041765 0.001244 0.014936 0.002259 0.000126 0.000000 0.254211 0.000846 0.013291 0.234070 0.000000 0.000000 0.029615 
725 0.011608 0.000866 0.000423 0.000000 0.001322 0.001552 0.001894 0.388402 0.060296 0.012696 0.000124 0.012616 0.001305 0.000337 0.000000 0.246696 0.000191 0.010076 0.236490 0.000000 0.000000 0.025579 
727 0.011943 0.000891 0.000349 0.000000 0.003165 0.004835 0.001245 0.387865 0.071820 0.014349 0.000642 0.017280 0.001600 0.000221 0.000000 0.244527 0.000074 0.001086 0.240663 0.000000 0.000000 0.010279 
730 0.012444 0.000935 0.000113 0.000000 0.001655 0.000092 0.000487 0.428250 0.063959 0.000605 0.000773 0.006415 0.001374 0.000268 0.000000 0.272619 0.000179 0.000705 0.221708 0.000000 0.000000 0.000799 
733 0.013365 0.001124 0.000164 0.000000 0.000673 0.000453 0.000069 0.539488 0.007520 0.000694 0.000094 0.019541 0.001070 0.000043 0.000000 0.339847 0.000124 0.000248 0.089677 0.000000 0.000000 0.000295 
734 0.010208 0.000797 0.001100 0.000000 0.013150 0.007722 0.003150 0.310207 0.064499 0.046978 0.001059 0.007418 0.003555 0.001614 0.000000 0.221429 0.001245 0.027138 0.232207 0.000000 0.000000 0.057528 
735 0.011031 0.000831 0.000235 0.000000 0.004198 0.003626 0.002715 0.356157 0.048086 0.047777 0.000434 0.021742 0.004938 0.000978 0.000000 0.235062 0.001370 0.013263 0.222092 0.000000 0.000000 0.037325 
736 0.012946 0.001015 0.000434 0.000000 0.001110 0.000218 0.000693 0.479905 0.027059 0.000590 0.000183 0.006777 0.000445 0.000493 0.000000 0.328346 0.000139 0.000329 0.152657 0.000000 0.000000 0.000621 
737 0.011532 0.000862 0.000092 0.000000 0.008782 0.006792 0.003222 0.388822 0.060725 0.035449 0.001202 0.020541 0.005067 0.000099 0.000000 0.223596 0.000260 0.009232 0.215914 0.000000 0.000000 0.020204 
738 0.013195 0.001076 0.000209 0.000000 0.000508 0.000307 0.001090 0.517330 0.011097 0.000928 0.000183 0.022930 0.000210 0.000261 0.000000 0.326320 0.000184 0.000305 0.117621 0.000000 0.000000 0.000517 
740 0.010676 0.000813 0.000793 0.000000 0.016985 0.004249 0.001413 0.344416 0.052445 0.041096 0.000646 0.012847 0.004997 0.000324 0.000000 0.225165 0.002232 0.025279 0.222833 0.000000 0.000000 0.044283 
742 0.011700 0.000874 0.000399 0.000000 0.005888 0.006860 0.001568 0.377282 0.072685 0.014391 0.000675 0.017726 0.001933 0.000114 0.000000 0.234622 0.000129 0.001492 0.245619 0.000000 0.000000 0.018617 
743 0.013246 0.001090 0.000351 0.000000 0.000913 0.000220 0.000690 0.514163 0.003009 0.000568 0.000377 0.003600 0.000286 0.000281 0.000000 0.361041 0.000110 0.000428 0.113716 0.000000 0.000000 0.000248 
745 0.012550 0.000948 0.000089 0.000000 0.001941 0.000189 0.000248 0.446713 0.052201 0.000837 0.001057 0.012410 0.001343 0.000322 0.000000 0.273974 0.000166 0.001098 0.206464 0.000000 0.000000 0.000947 
752 0.013669 0.001248 0.000557 0.000000 0.000444 0.000104 0.000531 0.626407 0.004704 0.000254 0.000287 0.011997 0.000645 0.000244 0.000000 0.315328 0.000120 0.000080 0.037969 0.000000 0.000000 0.000330 
754 0.011026 0.000831 0.000115 0.000000 0.005545 0.004061 0.003848 0.330015 0.050782 0.044586 0.000839 0.019540 0.002553 0.000556 0.000000 0.246359 0.001281 0.017502 0.241435 0.000000 0.000000 0.030983 
755 0.013557 0.001197 0.000142 0.000000 0.000455 0.000421 0.000171 0.534204 0.007609 0.001272 0.000108 0.018257 0.001249 0.000060 0.000000 0.387396 0.000226 0.000500 0.047655 0.000000 0.000000 0.000274 
756 0.013510 0.001179 0.000189 0.000000 0.001037 0.000502 0.000094 0.508202 0.004719 0.000765 0.000101 0.021932 0.001170 0.000042 0.000000 0.403423 0.000173 0.000249 0.057019 0.000000 0.000000 0.000385 
757 0.013285 0.001103 0.000421 0.000000 0.001261 0.000102 0.000681 0.527963 0.014416 0.000674 0.000397 0.006166 0.000236 0.000326 0.000000 0.348202 0.000035 0.000253 0.098473 0.000000 0.000000 0.000393 
758 0.012188 0.000912 0.000692 0.000000 0.002443 0.001492 0.000491 0.399209 0.069248 0.005676 0.000606 0.015150 0.004046 0.000173 0.000000 0.270332 0.000049 0.003322 0.220783 0.000000 0.000000 0.006289 
759 0.010676 0.000813 0.000793 0.000000 0.016985 0.004249 0.001413 0.344416 0.052445 0.041096 0.000646 0.012847 0.004997 0.000324 0.000000 0.225165 0.002232 0.025279 0.222833 0.000000 0.000000 0.044283 
760 0.010528 0.000806 0.000137 0.000000 0.010276 0.001001 0.002237 0.329226 0.062716 0.041592 0.001827 0.013424 0.004798 0.001049 0.000000 0.225979 0.000002 0.020251 0.232037 0.000000 0.000000 0.053446 
761 0.013849 0.001367 0.000597 0.000000 0.000002 0.000425 0.000533 0.716545 0.014622 0.000101 0.000353 0.007455 0.000993 0.000675 0.000000 0.255941 0.000097 0.000285 0.000927 0.000000 0.000000 0.000449 
764 0.011394 0.000854 0.000637 0.000000 0.002778 0.004645 0.000931 0.350378 0.069651 0.028544 0.001059 0.021404 0.002387 0.000648 0.000000 0.248275 0.001266 0.008460 0.233765 0.000000 0.000000 0.025172 
765 0.011166 0.000838 0.000193 0.000000 0.005470 0.004468 0.004280 0.338016 0.055210 0.041765 0.001244 0.014936 0.002259 0.000126 0.000000 0.254211 0.000846 0.013291 0.234070 0.000000 0.000000 0.029615 
766 0.013144 0.001062 0.000144 0.000000 0.001363 0.000674 0.000340 0.503752 0.011623 0.000908 0.000336 0.018746 0.000782 0.000299 0.000000 0.334828 0.000189 0.000456 0.125296 0.000000 0.000000 0.000264 
768 0.012706 0.000968 0.000311 0.000000 0.000629 0.000110 0.000108 0.443502 0.043201 0.000693 0.000306 0.013709 0.000578 0.000424 0.000000 0.306622 0.000145 0.000565 0.188930 0.000000 0.000000 0.000168 
775 0.012330 0.000925 0.000192 0.000000 0.001928 0.000427 0.000684 0.427889 0.062734 0.000186 0.000519 0.003399 0.001849 0.000458 0.000000 0.258370 0.000245 0.001824 0.237426 0.000000 0.000000 0.001870 
777 0.010010 0.000792 0.002210 0.000000 0.011199 0.005685 0.002323 0.302086 0.058433 0.059629 0.003727 0.025825 0.008432 0.001343 0.000000 0.200764 0.001534 0.030237 0.228354 0.000000 0.000000 0.058221 
778 0.013338 0.001118 0.000159 0.000000 0.001105 0.000315 0.000417 0.514672 0.007005 0.001008 0.000440 0.021081 0.000634 0.000309 0.000000 0.361239 0.000155 0.000416 0.091011 0.000000 0.000000 0.000033 
779 0.013769 0.001294 0.000469 0.000000 0.000762 0.000136 0.000573 0.633379 0.006442 0.000707 0.000407 0.001801 0.000387 0.000337 0.000000 0.338183 0.000121 0.000339 0.015655 0.000000 0.000000 0.000303 
781 0.009635 0.000783 0.000405 0.000000 0.021865 0.006625 0.005515 0.284731 0.075065 0.067042 0.001474 0.009156 0.003089 0.001906 0.000000 0.204269 0.002399 0.047599 0.203583 0.000000 0.000000 0.065274 
782 0.009328 0.000782 0.006722 0.000000 0.012284 0.006789 0.006842 0.222157 0.051617 0.073582 0.002577 0.042901 0.012800 0.002164 0.000000 0.225761 0.003053 0.049553 0.213042 0.000000 0.000000 0.068157 
786 0.012281 0.000918 0.000163 0.000000 0.001757 0.000955 0.000424 0.423637 0.074666 0.006168 0.000123 0.001989 0.000732 0.000234 0.000000 0.258560 0.000213 0.001521 0.225296 0.000000 0.000000 0.003562 
787 0.011000 0.000829 0.000295 0.000000 0.007678 0.003996 0.005004 0.330537 0.054273 0.041465 0.001182 0.019513 0.002771 0.000074 0.000000 0.246803 0.000929 0.013993 0.235452 0.000000 0.000000 0.036034 
788 0.011782 0.000878 0.000028 0.000000 0.009666 0.000307 0.001270 0.374518 0.056862 0.020197 0.000184 0.018189 0.001175 0.000533 0.000000 0.264275 0.000653 0.001281 0.231673 0.000000 0.000000 0.019189 
790 0.010751 0.000816 0.000794 0.000000 0.011049 0.003889 0.001258 0.344950 0.051043 0.038157 0.000642 0.014879 0.005064 0.000419 0.000000 0.233592 0.001821 0.030663 0.220699 0.000000 0.000000 0.041081 
793 0.010528 0.000806 0.000137 0.000000 0.010276 0.001001 0.002237 0.329226 0.062716 0.041592 0.001827 0.013424 0.004798 0.001049 0.000000 0.225979 0.000002 0.020251 0.232037 0.000000 0.000000 0.053446 
794 0.011744 0.000877 0.000044 0.000000 0.002741 0.000041 0.001696 0.381577 0.046624 0.024395 0.001000 0.019269 0.001148 0.000672 0.000000 0.269981 0.000257 0.007970 0.222128 0.000000 0.000000 0.020456 
795 0.009413 0.000783 0.001886 0.000000 0.012619 0.004290 0.001740 0.198296 0.059602 0.085002 0.004503 0.025141 0.008762 0.002673 0.000000 0.248695 0.001964 0.045624 0.239508 0.000000 0.000000 0.059695 
796 0.013246 0.001090 0.000351 0.000000 0.000913 0.000220 0.000690 0.514163 0.003009 0.000568 0.000377 0.003600 0.000286 0.000281 0.000000 0.361041 0.000110 0.000428 0.113716 0.000000 0.000000 0.000248 
797 0.012513 0.000942 0.000108 0.000000 0.001627 0.000525 0.000407 0.428835 0.063750 0.001817 0.000629 0.007336 0.001288 0.000284 0.000000 0.283867 0.000205 0.000863 0.208427 0.000000 0.000000 0.000031 
798 0.013453 0.001158 0.000227 0.000000 0.000601 0.000686 0.000228 0.525806 0.004897 0.000642 0.000427 0.018325 0.000732 0.000287 0.000000 0.376470 0.000163 0.000232 0.069960 0.000000 0.000000 0.000319 
