1 0.010229 0.000791 0.000909 0.000000 0.014420 0.000832 0.002307 0.256653 0.052858 0.069793 0.000741 0.041284 0.005784 0.001226 0.000000 0.243474 0.000102 0.024278 0.234011 0.000000 0.000000 0.051327 
3 0.008842 0.000769 0.002412 0.000000 0.038523 0.006626 0.002625 0.207583 0.055272 0.096331 0.004979 0.055220 0.010309 0.001709 0.000000 0.159317 0.001482 0.053916 0.231702 0.000000 0.000000 0.071994 
4 0.013353 0.001129 0.000032 0.000000 0.000846 0.000685 0.000573 0.578535 0.002680 0.000012 0.000267 0.005736 0.004158 0.000450 0.000000 0.309724 0.000444 0.000057 0.095677 0.000000 0.000000 0.000123 
6 0.013334 0.001122 0.000330 0.000000 0.000405 0.000699 0.000593 0.511374 0.009156 0.000435 0.000258 0.013976 0.002977 0.000242 0.000000 0.371063 0.000540 0.000075 0.087641 0.000000 0.000000 0.000236 
7 0.012741 0.000973 0.000093 0.000000 0.000556 0.000455 0.000676 0.453707 0.043533 0.000457 0.000222 0.013283 0.001174 0.000182 0.000000 0.300623 0.000520 0.000054 0.184463 0.000000 0.000000 0.000002 
8 0.013734 0.001286 0.000316 0.000000 0.000370 0.000849 0.000533 0.559758 0.013768 0.000314 0.000131 0.014718 0.003016 0.000245 0.000000 0.398431 0.000992 0.000122 0.006200 0.000000 0.000000 0.000237 
11 0.013716 0.001281 0.000310 0.000000 0.000424 0.000949 0.000499 0.517061 0.013768 0.000302 0.000037 0.017375 0.003727 0.000255 0.000000 0.438553 0.000672 0.000070 0.005814 0.000000 0.000000 0.000184 
17 0.009393 0.000776 0.002475 0.000000 0.022162 0.005198 0.004354 0.211542 0.053066 0.101982 0.004790 0.063277 0.005740 0.001979 0.000000 0.190485 0.000557 0.034028 0.237051 0.000000 0.000000 0.061314 
18 0.012639 0.000961 0.000231 0.000000 0.000064 0.000089 0.000623 0.454541 0.041512 0.000247 0.000359 0.011574 0.003778 0.000081 0.000000 0.284278 0.000950 0.000413 0.200999 0.000000 0.000000 0.000264 
19 0.012978 0.001021 0.000183 0.000000 0.000578 0.000675 0.000733 0.502846 0.037296 0.000659 0.000259 0.016957 0.000599 0.000095 0.000000 0.293520 0.000329 0.000078 0.145103 0.000000 0.000000 0.000087 
20 0.013690 0.001268 0.000348 0.000000 0.000449 0.000894 0.000439 0.533009 0.012033 0.000277 0.000068 0.013677 0.003901 0.000289 0.000000 0.420369 0.000796 0.000065 0.013132 0.000000 0.000000 0.000255 
22 0.013792 0.001329 0.000034 0.000000 0.000670 0.000642 0.000431 0.689593 0.013700 0.000099 0.000220 0.007359 0.005189 0.000286 0.000000 0.271727 0.000276 0.000012 0.009638 0.000000 0.000000 0.000124 
23 0.011175 0.000835 0.000189 0.000000 0.010419 0.003386 0.000369 0.322701 0.063782 0.051451 0.000366 0.029558 0.003622 0.000899 0.000000 0.248808 0.000425 0.007688 0.228844 0.000000 0.000000 0.027493 
25 0.013508 0.001185 0.000228 0.000000 0.000387 0.000586 0.000648 0.549798 0.004666 0.000178 0.000144 0.012080 0.006292 0.000372 0.000000 0.367141 0.000416 0.000162 0.056855 0.000000 0.000000 0.000045 
27 0.012817 0.000988 0.000091 0.000000 0.000474 0.000179 0.000651 0.465738 0.039950 0.000832 0.000444 0.017081 0.003653 0.000222 0.000000 0.301058 0.000064 0.000177 0.169374 0.000000 0.000000 0.000009 
28 0.012914 0.001007 0.000050 0.000000 0.000500 0.000257 0.000544 0.493346 0.037886 0.000573 0.000432 0.014679 0.002215 0.000217 0.000000 0.293610 0.000332 0.000163 0.155106 0.000000 0.000000 0.000089 
32 0.013015 0.001031 0.000119 0.000000 0.000235 0.000030 0.000322 0.503234 0.021310 0.000217 0.000075 0.018640 0.004402 0.000396 0.000000 0.305462 0.000448 0.000216 0.144769 0.000000 0.000000 0.000124 
33 0.010171 0.000791 0.001534 0.000000 0.028258 0.004837 0.001508 0.290161 0.053793 0.074976 0.002854 0.043042 0.003726 0.000855 0.000000 0.201084 0.001126 0.026998 0.216695 0.000000 0.000000 0.048553 
34 0.012721 0.000972 0.000110 0.000000 0.000586 0.000432 0.000705 0.451299 0.047186 0.000780 0.000300 0.017615 0.003850 0.000178 0.000000 0.294885 0.000484 0.000064 0.181517 0.000000 0.000000 0.000009 
36 0.013096 0.001049 0.000181 0.000000 0.000431 0.000376 0.000492 0.516835 0.016613 0.000017 0.000114 0.012476 0.001982 0.000452 0.000000 0.314271 0.000095 0.000537 0.134899 0.000000 0.000000 0.000231 
37 0.011622 0.000865 0.000152 0.000000 0.005273 0.003175 0.000615 0.374392 0.047864 0.033313 0.000304 0.046250 0.002651 0.000205 0.000000 0.242346 0.000067 0.009973 0.211044 0.000000 0.000000 0.022376 
38 0.010550 0.000805 0.000221 0.000000 0.010936 0.002300 0.002850 0.330726 0.056288 0.070854 0.002373 0.029977 0.003029 0.000951 0.000000 0.206556 0.000100 0.019105 0.219108 0.000000 0.000000 0.044624 
39 0.013447 0.001162 0.000167 0.000000 0.000420 0.000588 0.000494 0.551828 0.013804 0.000094 0.000166 0.009624 0.005402 0.000414 0.000000 0.351149 0.000214 0.000033 0.065499 0.000000 0.000000 0.000105 
40 0.008984 0.000770 0.002307 0.000000 0.032653 0.009853 0.002860 0.220201 0.058795 0.098893 0.005019 0.056754 0.009488 0.000962 0.000000 0.155390 0.001469 0.046421 0.227901 0.000000 0.000000 0.071033 
42 0.013798 0.001307 0.000289 0.000000 0.000445 0.001117 0.000525 0.583705 0.003706 0.000304 0.000132 0.014749 0.003098 0.000143 0.000000 0.387347 0.000805 0.000022 0.003374 0.000000 0.000000 0.000240 
45 0.012219 0.000914 0.000315 0.000000 0.003037 0.002913 0.000123 0.422075 0.072244 0.004914 0.000511 0.008109 0.002851 0.000278 0.000000 0.251480 0.000228 0.002111 0.223340 0.000000 0.000000 0.005474 
48 0.011831 0.000880 0.000329 0.000000 0.005636 0.002760 0.000270 0.373250 0.054552 0.025589 0.000571 0.031530 0.002604 0.000086 0.000000 0.265811 0.000004 0.008984 0.213439 0.000000 0.000000 0.014583 
50 0.013647 0.001240 0.000068 0.000000 0.000704 0.000600 0.000211 0.600074 0.007735 0.000314 0.000367 0.004872 0.004411 0.000184 0.000000 0.345582 0.000329 0.000113 0.034283 0.000000 0.000000 0.000153 
52 0.011175 0.000835 0.000189 0.000000 0.010419 0.003386 0.000369 0.322701 0.063782 0.051451 0.000366 0.029558 0.003622 0.000899 0.000000 0.248808 0.000425 0.007688 0.228844 0.000000 0.000000 0.027493 
53 0.013809 0.001357 0.000039 0.000000 0.000616 0.000542 0.000465 0.732032 0.013699 0.000111 0.000314 0.004718 0.004476 0.000277 0.000000 0.231853 0.000596 0.000064 0.010019 0.000000 0.000000 0.000177 
54 0.010807 0.000817 0.000115 0.000000 0.008244 0.002732 0.003968 0.339662 0.056413 0.073521 0.001092 0.041508 0.002086 0.000387 0.000000 0.191089 0.000620 0.014437 0.230770 0.000000 0.000000 0.033357 
55 0.012947 0.001014 0.000215 0.000000 0.000433 0.000375 0.000549 0.517077 0.027837 0.000110 0.000081 0.010654 0.001774 0.000357 0.000000 0.281177 0.000212 0.000332 0.158612 0.000000 0.000000 0.000205 
56 0.013820 0.001331 0.000215 0.000000 0.000595 0.000657 0.000514 0.660646 0.007065 0.000116 0.000273 0.008601 0.005609 0.000387 0.000000 0.311202 0.000091 0.000110 0.003762 0.000000 0.000000 0.000157 
57 0.012914 0.001007 0.000050 0.000000 0.000500 0.000257 0.000544 0.493346 0.037886 0.000573 0.000432 0.014679 0.002215 0.000217 0.000000 0.293610 0.000332 0.000163 0.155106 0.000000 0.000000 0.000089 
59 0.013063 0.001040 0.000181 0.000000 0.000448 0.000323 0.000678 0.507954 0.023785 0.000045 0.000103 0.012613 0.001335 0.000463 0.000000 0.314536 0.000121 0.000414 0.136756 0.000000 0.000000 0.000244 
61 0.013476 0.001172 0.000167 0.000000 0.000403 0.000639 0.000308 0.560349 0.006660 0.000064 0.000176 0.009517 0.006014 0.000402 0.000000 0.350504 0.000186 0.000161 0.064356 0.000000 0.000000 0.000093 
62 0.012962 0.001018 0.000231 0.000000 0.000532 0.000252 0.000616 0.503275 0.027958 0.000157 0.000090 0.013081 0.001865 0.000426 0.000000 0.297681 0.000243 0.000384 0.152952 0.000000 0.000000 0.000256 
63 0.011468 0.000853 0.000091 0.000000 0.004743 0.003052 0.000589 0.367231 0.051208 0.045360 0.000774 0.034656 0.002201 0.000100 0.000000 0.243970 0.000302 0.006311 0.213521 0.000000 0.000000 0.025890 
64 0.008842 0.000769 0.002412 0.000000 0.038523 0.006626 0.002625 0.207583 0.055272 0.096331 0.004979 0.055220 0.010309 0.001709 0.000000 0.159317 0.001482 0.053916 0.231702 0.000000 0.000000 0.071994 
69 0.012038 0.000896 0.000275 0.000000 0.005712 0.001942 0.000023 0.400464 0.051402 0.019978 0.000411 0.029816 0.000532 0.000080 0.000000 0.246981 0.000062 0.005742 0.228963 0.000000 0.000000 0.007616 
70 0.010715 0.000811 0.000246 0.000000 0.014852 0.001676 0.004531 0.324379 0.054027 0.062849 0.000536 0.038827 0.002250 0.000299 0.000000 0.208143 0.000768 0.014609 0.231392 0.000000 0.000000 0.040614 
73 0.013193 0.001081 0.000128 0.000000 0.000115 0.000534 0.000448 0.504171 0.022426 0.000220 0.000061 0.024830 0.004797 0.000418 0.000000 0.335611 0.000568 0.000216 0.105283 0.000000 0.000000 0.000175 
74 0.013320 0.001113 0.000072 0.000000 0.000608 0.000716 0.000659 0.521456 0.011683 0.000173 0.000036 0.002846 0.000317 0.000402 0.000000 0.365423 0.000799 0.000148 0.094552 0.000000 0.000000 0.000110 
75 0.012891 0.001002 0.000078 0.000000 0.000565 0.000144 0.000772 0.475156 0.033646 0.000863 0.000426 0.013274 0.003045 0.000207 0.000000 0.311224 0.000066 0.000184 0.160307 0.000000 0.000000 0.000043 
76 0.013015 0.001031 0.000119 0.000000 0.000235 0.000030 0.000322 0.503234 0.021310 0.000217 0.000075 0.018640 0.004402 0.000396 0.000000 0.305462 0.000448 0.000216 0.144769 0.000000 0.000000 0.000124 
78 0.010603 0.000806 0.000839 0.000000 0.001287 0.003581 0.001092 0.321613 0.057581 0.048813 0.000620 0.022868 0.003724 0.000383 0.000000 0.223224 0.000780 0.031992 0.241434 0.000000 0.000000 0.040171 
79 0.012741 0.000973 0.000093 0.000000 0.000556 0.000455 0.000676 0.453707 0.043533 0.000457 0.000222 0.013283 0.001174 0.000182 0.000000 0.300623 0.000520 0.000054 0.184463 0.000000 0.000000 0.000002 
80 0.011831 0.000880 0.000329 0.000000 0.005636 0.002760 0.000270 0.373250 0.054552 0.025589 0.000571 0.031530 0.002604 0.000086 0.000000 0.265811 0.000004 0.008984 0.213439 0.000000 0.000000 0.014583 
84 0.010689 0.000809 0.000123 0.000000 0.010078 0.002424 0.003901 0.322500 0.055061 0.060882 0.001149 0.041179 0.001811 0.000344 0.000000 0.209216 0.000579 0.020140 0.230526 0.000000 0.000000 0.040085 
85 0.013321 0.001120 0.000201 0.000000 0.000508 0.000386 0.000847 0.531064 0.023982 0.000142 0.000027 0.012898 0.004744 0.000197 0.000000 0.341432 0.000178 0.000452 0.082867 0.000000 0.000000 0.000077 
87 0.013260 0.001100 0.000231 0.000000 0.000471 0.000497 0.000674 0.536527 0.005938 0.000312 0.000053 0.005701 0.006264 0.000496 0.000000 0.336638 0.000406 0.000163 0.105590 0.000000 0.000000 0.000038 
89 0.012689 0.000967 0.000071 0.000000 0.000597 0.000434 0.000584 0.445751 0.047520 0.001804 0.000270 0.016424 0.003832 0.000227 0.000000 0.296720 0.000559 0.000135 0.185008 0.000000 0.000000 0.000063 
91 0.013400 0.001141 0.000072 0.000000 0.000483 0.000907 0.000864 0.530102 0.008872 0.000119 0.000018 0.007953 0.000681 0.000392 0.000000 0.368510 0.001067 0.000128 0.079804 0.000000 0.000000 0.000029 
94 0.009481 0.000778 0.001860 0.000000 0.016705 0.002857 0.004978 0.229802 0.049911 0.088954 0.004874 0.050927 0.006838 0.001808 0.000000 0.205708 0.001107 0.034063 0.233459 0.000000 0.000000 0.066147 
97 0.012480 0.000940 0.000104 0.000000 0.000533 0.000568 0.000674 0.430430 0.063023 0.000194 0.000119 0.013716 0.003239 0.000307 0.000000 0.269257 0.001350 0.000382 0.216037 0.000000 0.000000 0.000066 
98 0.011574 0.000861 0.000184 0.000000 0.006996 0.003141 0.000554 0.347653 0.053030 0.049064 0.000356 0.023426 0.002895 0.000625 0.000000 0.266485 0.000423 0.004400 0.224432 0.000000 0.000000 0.016335 
99 0.013071 0.001044 0.000173 0.000000 0.000191 0.000576 0.000866 0.506491 0.022905 0.000202 0.000339 0.011672 0.004567 0.000162 0.000000 0.318911 0.000082 0.000474 0.132319 0.000000 0.000000 0.000070 
101 0.012741 0.000973 0.000093 0.000000 0.000556 0.000455 0.000676 0.453707 0.043533 0.000457 0.000222 0.013283 0.001174 0.000182 0.000000 0.300623 0.000520 0.000054 0.184463 0.000000 0.000000 0.000002 
102 0.010680 0.000811 0.000474 0.000000 0.004257 0.004033 0.002913 0.296195 0.062508 0.051007 0.000524 0.024348 0.005769 0.000496 0.000000 0.244088 0.000580 0.022941 0.241130 0.000000 0.000000 0.038736 
103 0.013792 0.001329 0.000034 0.000000 0.000670 0.000642 0.000431 0.689593 0.013700 0.000099 0.000220 0.007359 0.005189 0.000286 0.000000 0.271727 0.000276 0.000012 0.009638 0.000000 0.000000 0.000124 
104 0.013087 0.001049 0.000125 0.000000 0.000582 0.000339 0.000364 0.501589 0.016168 0.000320 0.000131 0.019268 0.004243 0.000415 0.000000 0.323631 0.000286 0.000211 0.132018 0.000000 0.000000 0.000311 
109 0.012549 0.000948 0.000187 0.000000 0.001504 0.000219 0.000304 0.450064 0.046460 0.001019 0.000364 0.016976 0.002970 0.000368 0.000000 0.264329 0.000785 0.000289 0.213995 0.000000 0.000000 0.000165 
111 0.010924 0.000823 0.000693 0.000000 0.006375 0.004955 0.002059 0.314501 0.050407 0.063521 0.000723 0.033729 0.004728 0.000789 0.000000 0.239019 0.000560 0.014344 0.232870 0.000000 0.000000 0.030728 
113 0.013309 0.001115 0.000132 0.000000 0.000159 0.000399 0.000536 0.509449 0.009034 0.000111 0.000216 0.006332 0.003606 0.000324 0.000000 0.375473 0.000799 0.000351 0.092957 0.000000 0.000000 0.000123 
114 0.010785 0.000816 0.000764 0.000000 0.006827 0.005041 0.002167 0.327530 0.052623 0.064600 0.000458 0.033377 0.004846 0.000706 0.000000 0.206375 0.000612 0.018681 0.243822 0.000000 0.000000 0.031573 
116 0.013437 0.001158 0.000141 0.000000 0.000315 0.000598 0.000399 0.530737 0.007457 0.000074 0.000077 0.009065 0.007051 0.000291 0.000000 0.374878 0.000183 0.000091 0.068561 0.000000 0.000000 0.000083 
117 0.013105 0.001052 0.000272 0.000000 0.000542 0.000261 0.000696 0.503949 0.022738 0.000194 0.000128 0.009886 0.001832 0.000416 0.000000 0.330957 0.000260 0.000301 0.127334 0.000000 0.000000 0.000233 
120 0.012817 0.000988 0.000091 0.000000 0.000474 0.000179 0.000651 0.465738 0.039950 0.000832 0.000444 0.017081 0.003653 0.000222 0.000000 0.301058 0.000064 0.000177 0.169374 0.000000 0.000000 0.000009 
121 0.013535 0.001194 0.000073 0.000000 0.000917 0.000616 0.000495 0.589127 0.007364 0.000015 0.000183 0.006592 0.003593 0.000384 0.000000 0.332868 0.000507 0.000054 0.057091 0.000000 0.000000 0.000122 
126 0.010846 0.000818 0.000752 0.000000 0.007639 0.004977 0.002172 0.321788 0.052466 0.063159 0.000484 0.032754 0.004586 0.000698 0.000000 0.219940 0.000630 0.018277 0.239395 0.000000 0.000000 0.030282 
127 0.013739 0.001289 0.000349 0.000000 0.000006 0.000849 0.000715 0.543935 0.015802 0.000300 0.000041 0.013538 0.001295 0.000247 0.000000 0.417269 0.001192 0.000175 0.004100 0.000000 0.000000 0.000187 
128 0.013215 0.001087 0.000207 0.000000 0.000317 0.000440 0.000772 0.536243 0.019848 0.000663 0.000258 0.007668 0.005480 0.000104 0.000000 0.321363 0.000249 0.000318 0.105854 0.000000 0.000000 0.000215 
129 0.011027 0.000826 0.000243 0.000000 0.010259 0.003158 0.000164 0.326095 0.064572 0.057697 0.000725 0.023691 0.004204 0.000583 0.000000 0.245398 0.000536 0.009927 0.220300 0.000000 0.000000 0.032446 
130 0.013236 0.001092 0.000218 0.000000 0.000212 0.000399 0.000902 0.526775 0.023885 0.000224 0.000287 0.011702 0.004833 0.000197 0.000000 0.330155 0.000030 0.000487 0.099626 0.000000 0.000000 0.000067 
132 0.011831 0.000880 0.000329 0.000000 0.005636 0.002760 0.000270 0.373250 0.054552 0.025589 0.000571 0.031530 0.002604 0.000086 0.000000 0.265811 0.000004 0.008984 0.213439 0.000000 0.000000 0.014583 
134 0.013321 0.001120 0.000201 0.000000 0.000508 0.000386 0.000847 0.531064 0.023982 0.000142 0.000027 0.012898 0.004744 0.000197 0.000000 0.341432 0.000178 0.000452 0.082867 0.000000 0.000000 0.000077 
135 0.013809 0.001357 0.000039 0.000000 0.000616 0.000542 0.000465 0.732032 0.013699 0.000111 0.000314 0.004718 0.004476 0.000277 0.000000 0.231853 0.000596 0.000064 0.010019 0.000000 0.000000 0.000177 
136 0.012817 0.000988 0.000091 0.000000 0.000474 0.000179 0.000651 0.465738 0.039950 0.000832 0.000444 0.017081 0.003653 0.000222 0.000000 0.301058 0.000064 0.000177 0.169374 0.000000 0.000000 0.000009 
141 0.010826 0.000817 0.000488 0.000000 0.001558 0.003434 0.000794 0.361270 0.054563 0.049474 0.000765 0.016801 0.002653 0.000356 0.000000 0.217839 0.000821 0.022438 0.225775 0.000000 0.000000 0.040972 
142 0.013356 0.001129 0.000035 0.000000 0.000967 0.000694 0.000607 0.554517 0.007725 0.000032 0.000278 0.005919 0.004338 0.000448 0.000000 0.335325 0.000510 0.000064 0.088408 0.000000 0.000000 0.000134 
143 0.010213 0.000792 0.001528 0.000000 0.029197 0.004836 0.001627 0.289338 0.053695 0.075217 0.002202 0.045292 0.004025 0.000641 0.000000 0.200745 0.001149 0.027366 0.216656 0.000000 0.000000 0.046484 
144 0.012038 0.000896 0.000275 0.000000 0.005712 0.001942 0.000023 0.400464 0.051402 0.019978 0.000411 0.029816 0.000532 0.000080 0.000000 0.246981 0.000062 0.005742 0.228963 0.000000 0.000000 0.007616 
147 0.011972 0.000892 0.000287 0.000000 0.002973 0.001876 0.000606 0.406728 0.053092 0.029915 0.000290 0.012118 0.002205 0.000524 0.000000 0.255680 0.000272 0.002693 0.220250 0.000000 0.000000 0.010492 
150 0.010447 0.000800 0.000823 0.000000 0.004122 0.004840 0.000831 0.324048 0.057038 0.041441 0.000712 0.021780 0.004244 0.000348 0.000000 0.221108 0.000859 0.030482 0.235498 0.000000 0.000000 0.051825 
151 0.013542 0.001201 0.000159 0.000000 0.000342 0.000672 0.000551 0.555799 0.012368 0.000126 0.000138 0.007700 0.006914 0.000415 0.000000 0.368954 0.000163 0.000213 0.045415 0.000000 0.000000 0.000072 
153 0.009737 0.000781 0.001185 0.000000 0.020113 0.002291 0.004325 0.285629 0.039576 0.083981 0.004652 0.045724 0.004284 0.001096 0.000000 0.184584 0.000855 0.040808 0.221827 0.000000 0.000000 0.059071 
156 0.012530 0.000947 0.000337 0.000000 0.001479 0.000245 0.000270 0.448412 0.044868 0.003058 0.000332 0.015198 0.003235 0.000366 0.000000 0.266429 0.000824 0.000294 0.214495 0.000000 0.000000 0.000159 
158 0.010603 0.000806 0.000839 0.000000 0.001287 0.003581 0.001092 0.321613 0.057581 0.048813 0.000620 0.022868 0.003724 0.000383 0.000000 0.223224 0.000780 0.031992 0.241434 0.000000 0.000000 0.040171 
159 0.008842 0.000769 0.002412 0.000000 0.038523 0.006626 0.002625 0.207583 0.055272 0.096331 0.004979 0.055220 0.010309 0.001709 0.000000 0.159317 0.001482 0.053916 0.231702 0.000000 0.000000 0.071994 
160 0.011458 0.000853 0.000182 0.000000 0.008995 0.004315 0.000537 0.346352 0.052041 0.057729 0.000471 0.023261 0.003581 0.000628 0.000000 0.255732 0.000389 0.004779 0.223690 0.000000 0.000000 0.017317 
163 0.011574 0.000861 0.000184 0.000000 0.006996 0.003141 0.000554 0.347653 0.053030 0.049064 0.000356 0.023426 0.002895 0.000625 0.000000 0.266485 0.000423 0.004400 0.224432 0.000000 0.000000 0.016335 
165 0.012974 0.001020 0.000022 0.000000 0.000262 0.000283 0.000249 0.478720 0.009074 0.000153 0.000028 0.001851 0.001780 0.000170 0.000000 0.342554 0.000748 0.000191 0.163889 0.000000 0.000000 0.000023 
167 0.013792 0.001329 0.000034 0.000000 0.000670 0.000642 0.000431 0.689593 0.013700 0.000099 0.000220 0.007359 0.005189 0.000286 0.000000 0.271727 0.000276 0.000012 0.009638 0.000000 0.000000 0.000124 
168 0.013226 0.001090 0.000125 0.000000 0.000372 0.000614 0.000334 0.519367 0.007946 0.000053 0.000073 0.001211 0.007257 0.000269 0.000000 0.352351 0.000601 0.000156 0.109147 0.000000 0.000000 0.000123 
169 0.013386 0.001140 0.000118 0.000000 0.000350 0.000440 0.000666 0.525330 0.004812 0.000177 0.000216 0.006696 0.003864 0.000341 0.000000 0.374799 0.000864 0.000267 0.080914 0.000000 0.000000 0.000149 
170 0.011853 0.000882 0.000231 0.000000 0.005660 0.002280 0.000265 0.376308 0.046426 0.026413 0.000464 0.032016 0.002552 0.000066 0.000000 0.268835 0.000023 0.009338 0.214811 0.000000 0.000000 0.014312 
171 0.010023 0.000787 0.002160 0.000000 0.025015 0.005735 0.001915 0.289732 0.071986 0.084517 0.000242 0.042023 0.004523 0.000468 0.000000 0.188592 0.001016 0.029415 0.199290 0.000000 0.000000 0.053372 
174 0.013557 0.001205 0.000034 0.000000 0.000514 0.000581 0.000274 0.537273 0.003122 0.000042 0.000145 0.002938 0.005855 0.000045 0.000000 0.400720 0.001232 0.000072 0.047050 0.000000 0.000000 0.000102 
175 0.013480 0.001172 0.000145 0.000000 0.000300 0.000622 0.000696 0.546854 0.008181 0.000056 0.000126 0.008757 0.004798 0.000360 0.000000 0.366000 0.000411 0.000171 0.062438 0.000000 0.000000 0.000084 
178 0.012336 0.000926 0.000120 0.000000 0.000690 0.000711 0.000683 0.420965 0.050589 0.006174 0.000876 0.005511 0.001131 0.000445 0.000000 0.276247 0.000129 0.002466 0.230897 0.000000 0.000000 0.002365 
179 0.012677 0.000965 0.000209 0.000000 0.000709 0.000511 0.000866 0.441094 0.029177 0.000616 0.000301 0.022472 0.001256 0.000140 0.000000 0.297751 0.000424 0.000263 0.204168 0.000000 0.000000 0.000043 
181 0.009903 0.000783 0.002453 0.000000 0.032624 0.006527 0.002026 0.247080 0.056123 0.096319 0.001604 0.046636 0.000784 0.001018 0.000000 0.206605 0.001182 0.019622 0.226735 0.000000 0.000000 0.052662 
183 0.009167 0.000774 0.002317 0.000000 0.031725 0.009523 0.002632 0.224700 0.058147 0.095648 0.006696 0.058184 0.014042 0.000953 0.000000 0.159137 0.001424 0.055325 0.222103 0.000000 0.000000 0.057444 
184 0.012100 0.000902 0.000271 0.000000 0.004423 0.001520 0.000040 0.403375 0.044799 0.020511 0.000189 0.030256 0.000403 0.000124 0.000000 0.250227 0.000012 0.005776 0.232764 0.000000 0.000000 0.005312 
185 0.011441 0.000851 0.000120 0.000000 0.007023 0.003236 0.000504 0.375746 0.050997 0.047331 0.000586 0.033097 0.002211 0.000269 0.000000 0.228107 0.000305 0.005626 0.219909 0.000000 0.000000 0.024932 
188 0.010227 0.000793 0.000644 0.000000 0.013962 0.002976 0.003959 0.284933 0.055490 0.073134 0.002589 0.034196 0.003121 0.000920 0.000000 0.215689 0.000559 0.022367 0.235118 0.000000 0.000000 0.050343 
192 0.010488 0.000802 0.000675 0.000000 0.002293 0.003508 0.001304 0.319434 0.056769 0.047996 0.000732 0.019001 0.004496 0.000383 0.000000 0.226521 0.001138 0.028944 0.238873 0.000000 0.000000 0.047932 
194 0.010227 0.000793 0.000644 0.000000 0.013962 0.002976 0.003959 0.284933 0.055490 0.073134 0.002589 0.034196 0.003121 0.000920 0.000000 0.215689 0.000559 0.022367 0.235118 0.000000 0.000000 0.050343 
195 0.012260 0.000918 0.000285 0.000000 0.002784 0.002560 0.000101 0.434033 0.058506 0.004323 0.000512 0.009252 0.001621 0.000299 0.000000 0.249222 0.000195 0.001839 0.228719 0.000000 0.000000 0.005750 
196 0.011761 0.000875 0.000482 0.000000 0.005055 0.002415 0.000267 0.369378 0.051772 0.025542 0.000533 0.030961 0.002605 0.000220 0.000000 0.260779 0.000005 0.009374 0.225274 0.000000 0.000000 0.015337 
199 0.013258 0.001098 0.000133 0.000000 0.000330 0.000667 0.000617 0.511316 0.008290 0.000058 0.000075 0.001592 0.004371 0.000215 0.000000 0.366837 0.000787 0.000157 0.104444 0.000000 0.000000 0.000111 
200 0.013348 0.001127 0.000068 0.000000 0.000530 0.000866 0.000594 0.527259 0.008702 0.000114 0.000019 0.007517 0.003673 0.000447 0.000000 0.362092 0.000897 0.000131 0.087046 0.000000 0.000000 0.000044 
201 0.013701 0.001266 0.000084 0.000000 0.000469 0.000789 0.000307 0.558881 0.004517 0.000085 0.000203 0.012108 0.006703 0.000461 0.000000 0.397159 0.000231 0.000241 0.017632 0.000000 0.000000 0.000131 
202 0.012898 0.001004 0.000325 0.000000 0.000489 0.000217 0.000728 0.483316 0.023793 0.000135 0.000116 0.011238 0.003036 0.000381 0.000000 0.309490 0.000219 0.000215 0.166102 0.000000 0.000000 0.000200 
207 0.013146 0.001066 0.000128 0.000000 0.000487 0.000302 0.000460 0.498650 0.011044 0.001278 0.000479 0.009026 0.003666 0.000291 0.000000 0.351336 0.000139 0.000325 0.122022 0.000000 0.000000 0.000366 
208 0.010227 0.000793 0.000644 0.000000 0.013962 0.002976 0.003959 0.284933 0.055490 0.073134 0.002589 0.034196 0.003121 0.000920 0.000000 0.215689 0.000559 0.022367 0.235118 0.000000 0.000000 0.050343 
209 0.009929 0.000786 0.001966 0.000000 0.020158 0.002995 0.004204 0.271386 0.050021 0.085725 0.003358 0.049268 0.005060 0.001172 0.000000 0.191650 0.001012 0.025809 0.232348 0.000000 0.000000 0.053869 
212 0.011855 0.000882 0.000142 0.000000 0.006398 0.002779 0.000982 0.351242 0.055304 0.036528 0.000303 0.041537 0.002409 0.000089 0.000000 0.276971 0.000153 0.007689 0.206919 0.000000 0.000000 0.010556 
214 0.013302 0.001114 0.000222 0.000000 0.000603 0.000405 0.000865 0.511289 0.018139 0.000154 0.000133 0.013969 0.004685 0.000280 0.000000 0.361056 0.000342 0.000426 0.087358 0.000000 0.000000 0.000074 
216 0.011371 0.000848 0.000481 0.000000 0.010022 0.004518 0.000960 0.329710 0.057059 0.057270 0.000428 0.035243 0.002898 0.000429 0.000000 0.249567 0.000549 0.010578 0.224078 0.000000 0.000000 0.016209 
217 0.012817 0.000988 0.000091 0.000000 0.000474 0.000179 0.000651 0.465738 0.039950 0.000832 0.000444 0.017081 0.003653 0.000222 0.000000 0.301058 0.000064 0.000177 0.169374 0.000000 0.000000 0.000009 
219 0.011175 0.000835 0.000189 0.000000 0.010419 0.003386 0.000369 0.322701 0.063782 0.051451 0.000366 0.029558 0.003622 0.000899 0.000000 0.248808 0.000425 0.007688 0.228844 0.000000 0.000000 0.027493 
220 0.013106 0.001054 0.000248 0.000000 0.000533 0.000290 0.000739 0.502608 0.022588 0.000156 0.000127 0.013230 0.003117 0.000411 0.000000 0.329665 0.000252 0.000284 0.125516 0.000000 0.000000 0.000237 
221 0.011322 0.000845 0.000066 0.000000 0.005714 0.004147 0.000278 0.346486 0.051524 0.054752 0.000726 0.025361 0.004550 0.000516 0.000000 0.249033 0.001061 0.010980 0.223439 0.000000 0.000000 0.021368 
225 0.013668 0.001247 0.000121 0.000000 0.000313 0.000398 0.000445 0.564753 0.004392 0.000053 0.000201 0.006366 0.003746 0.000299 0.000000 0.389120 0.000701 0.000311 0.028674 0.000000 0.000000 0.000107 
226 0.012775 0.000979 0.000116 0.000000 0.000416 0.000588 0.000590 0.462003 0.037981 0.000206 0.000008 0.016030 0.001758 0.000418 0.000000 0.298532 0.000351 0.000237 0.180532 0.000000 0.000000 0.000234 
228 0.012978 0.001022 0.000125 0.000000 0.000276 0.000736 0.000731 0.501727 0.025716 0.000856 0.000300 0.011786 0.004334 0.000041 0.000000 0.304707 0.000289 0.000457 0.147837 0.000000 0.000000 0.000083 
231 0.011712 0.000872 0.000468 0.000000 0.008247 0.000881 0.000434 0.402375 0.059064 0.028394 0.000785 0.012026 0.000857 0.000242 0.000000 0.232727 0.000557 0.004758 0.230649 0.000000 0.000000 0.017536 
234 0.011090 0.000829 0.000168 0.000000 0.006366 0.003187 0.000857 0.313226 0.054582 0.059204 0.000825 0.027608 0.002482 0.000161 0.000000 0.261201 0.000160 0.007879 0.231314 0.000000 0.000000 0.030779 
235 0.011924 0.000888 0.000232 0.000000 0.005668 0.002820 0.000193 0.372742 0.059322 0.022939 0.000595 0.031983 0.002550 0.000223 0.000000 0.271322 0.000070 0.009173 0.208869 0.000000 0.000000 0.011299 
236 0.010732 0.000813 0.000653 0.000000 0.006760 0.003662 0.001000 0.326698 0.078726 0.059123 0.000864 0.032871 0.001287 0.000916 0.000000 0.205091 0.000708 0.016924 0.226362 0.000000 0.000000 0.038356 
237 0.011322 0.000845 0.000066 0.000000 0.005714 0.004147 0.000278 0.346486 0.051524 0.054752 0.000726 0.025361 0.004550 0.000516 0.000000 0.249033 0.001061 0.010980 0.223439 0.000000 0.000000 0.021368 
238 0.012929 0.001011 0.000291 0.000000 0.000406 0.000654 0.000736 0.467562 0.027265 0.000058 0.000462 0.013443 0.001473 0.000193 0.000000 0.330502 0.000429 0.000435 0.155944 0.000000 0.000000 0.000147 
245 0.013099 0.001051 0.000329 0.000000 0.000029 0.000418 0.000828 0.526839 0.019414 0.000310 0.000184 0.008102 0.004125 0.000043 0.000000 0.306750 0.000110 0.000371 0.131974 0.000000 0.000000 0.000174 
248 0.013593 0.001224 0.000084 0.000000 0.000313 0.000622 0.000785 0.549364 0.002359 0.000283 0.000441 0.017523 0.004757 0.000552 0.000000 0.383172 0.000779 0.000204 0.038336 0.000000 0.000000 0.000428 
251 0.012566 0.000949 0.000089 0.000000 0.000653 0.000543 0.000635 0.434816 0.040355 0.000468 0.000237 0.014211 0.001210 0.000179 0.000000 0.285427 0.000426 0.000056 0.220693 0.000000 0.000000 0.000001 
253 0.012978 0.001021 0.000352 0.000000 0.000448 0.000313 0.000641 0.508114 0.020240 0.000148 0.000108 0.011224 0.001360 0.000428 0.000000 0.299759 0.000219 0.000369 0.156068 0.000000 0.000000 0.000210 
256 0.011831 0.000880 0.000329 0.000000 0.005636 0.002760 0.000270 0.373250 0.054552 0.025589 0.000571 0.031530 0.002604 0.000086 0.000000 0.265811 0.000004 0.008984 0.213439 0.000000 0.000000 0.014583 
260 0.013226 0.001090 0.000125 0.000000 0.000372 0.000614 0.000334 0.519367 0.007946 0.000053 0.000073 0.001211 0.007257 0.000269 0.000000 0.352351 0.000601 0.000156 0.109147 0.000000 0.000000 0.000123 
263 0.012122 0.000905 0.000414 0.000000 0.001107 0.002510 0.000263 0.414161 0.058369 0.026040 0.000439 0.008365 0.001890 0.000355 0.000000 0.249974 0.000146 0.003775 0.230509 0.000000 0.000000 0.001680 
264 0.009767 0.000781 0.002328 0.000000 0.035524 0.009390 0.002197 0.231455 0.047048 0.086629 0.002088 0.048127 0.001871 0.000961 0.000000 0.208361 0.001202 0.027310 0.241715 0.000000 0.000000 0.053794 
267 0.013734 0.001286 0.000316 0.000000 0.000370 0.000849 0.000533 0.559758 0.013768 0.000314 0.000131 0.014718 0.003016 0.000245 0.000000 0.398431 0.000992 0.000122 0.006200 0.000000 0.000000 0.000237 
276 0.013236 0.001092 0.000218 0.000000 0.000212 0.000399 0.000902 0.526775 0.023885 0.000224 0.000287 0.011702 0.004833 0.000197 0.000000 0.330155 0.000030 0.000487 0.099626 0.000000 0.000000 0.000067 
278 0.013613 0.001232 0.000100 0.000000 0.000504 0.000838 0.000982 0.554023 0.017403 0.000101 0.000043 0.005991 0.001668 0.000413 0.000000 0.386043 0.001323 0.000036 0.030447 0.000000 0.000000 0.000083 
279 0.013765 0.001309 0.000075 0.000000 0.000851 0.000786 0.000400 0.622789 0.017921 0.000132 0.000282 0.009490 0.006259 0.000447 0.000000 0.338146 0.000381 0.000041 0.001794 0.000000 0.000000 0.000205 
281 0.013078 0.001046 0.000193 0.000000 0.000605 0.000668 0.000571 0.514092 0.030493 0.000465 0.000257 0.013529 0.002506 0.000099 0.000000 0.307452 0.000285 0.000078 0.128600 0.000000 0.000000 0.000107 
283 0.011719 0.000873 0.000592 0.000000 0.005802 0.002439 0.000078 0.369757 0.053570 0.024603 0.000820 0.030862 0.002928 0.000105 0.000000 0.256289 0.000132 0.013420 0.223948 0.000000 0.000000 0.014654 
284 0.011559 0.000860 0.000057 0.000000 0.006429 0.002591 0.000539 0.356905 0.057865 0.035313 0.000033 0.029291 0.002940 0.000976 0.000000 0.253075 0.000522 0.001890 0.228727 0.000000 0.000000 0.022844 
286 0.012592 0.000954 0.000212 0.000000 0.000623 0.000801 0.000886 0.420120 0.035988 0.000618 0.000303 0.014296 0.000882 0.000139 0.000000 0.309152 0.000424 0.000149 0.215314 0.000000 0.000000 0.000094 
287 0.012128 0.000906 0.000291 0.000000 0.006094 0.002063 0.000086 0.399394 0.061408 0.007519 0.000515 0.015616 0.001507 0.000217 0.000000 0.258604 0.000191 0.003392 0.237355 0.000000 0.000000 0.005747 
288 0.011335 0.000845 0.000187 0.000000 0.007073 0.003819 0.000374 0.358809 0.060898 0.046832 0.000369 0.022930 0.003658 0.000954 0.000000 0.240096 0.000420 0.006039 0.220806 0.000000 0.000000 0.026736 
289 0.010600 0.000807 0.000652 0.000000 0.003514 0.004765 0.003732 0.303344 0.050818 0.058416 0.000485 0.036421 0.005197 0.000495 0.000000 0.229794 0.000749 0.024839 0.235403 0.000000 0.000000 0.041377 
293 0.011679 0.000869 0.000095 0.000000 0.005208 0.002996 0.000372 0.350289 0.048105 0.031492 0.001078 0.038085 0.003057 0.000123 0.000000 0.264160 0.000192 0.005714 0.231858 0.000000 0.000000 0.017174 
294 0.011468 0.000853 0.000091 0.000000 0.004743 0.003052 0.000589 0.367231 0.051208 0.045360 0.000774 0.034656 0.002201 0.000100 0.000000 0.243970 0.000302 0.006311 0.213521 0.000000 0.000000 0.025890 
296 0.013458 0.001166 0.000124 0.000000 0.000008 0.000375 0.000634 0.566766 0.004386 0.000115 0.000132 0.005699 0.004303 0.000265 0.000000 0.344908 0.001056 0.000168 0.070922 0.000000 0.000000 0.000141 
300 0.009849 0.000780 0.001576 0.000000 0.017936 0.004509 0.003394 0.249804 0.049921 0.095988 0.002764 0.062154 0.005796 0.001300 0.000000 0.195615 0.000349 0.035997 0.223152 0.000000 0.000000 0.049746 
302 0.013015 0.001031 0.000119 0.000000 0.000235 0.000030 0.000322 0.503234 0.021310 0.000217 0.000075 0.018640 0.004402 0.000396 0.000000 0.305462 0.000448 0.000216 0.144769 0.000000 0.000000 0.000124 
304 0.011226 0.000839 0.000656 0.000000 0.008637 0.003607 0.000311 0.340016 0.054743 0.047926 0.000926 0.016557 0.002758 0.000739 0.000000 0.255259 0.000012 0.013030 0.229527 0.000000 0.000000 0.025295 
307 0.012741 0.000973 0.000093 0.000000 0.000556 0.000455 0.000676 0.453707 0.043533 0.000457 0.000222 0.013283 0.001174 0.000182 0.000000 0.300623 0.000520 0.000054 0.184463 0.000000 0.000000 0.000002 
316 0.009393 0.000776 0.002475 0.000000 0.022162 0.005198 0.004354 0.211542 0.053066 0.101982 0.004790 0.063277 0.005740 0.001979 0.000000 0.190485 0.000557 0.034028 0.237051 0.000000 0.000000 0.061314 
319 0.013170 0.001073 0.000157 0.000000 0.000203 0.000567 0.000468 0.512316 0.008033 0.000031 0.000075 0.000456 0.006123 0.000265 0.000000 0.349370 0.000662 0.000286 0.120876 0.000000 0.000000 0.000111 
320 0.013391 0.001136 0.000034 0.000000 0.000371 0.000679 0.000817 0.535230 0.001169 0.000128 0.000110 0.009779 0.001062 0.000387 0.000000 0.361612 0.000881 0.000239 0.087455 0.000000 0.000000 0.000045 
321 0.010846 0.000818 0.000752 0.000000 0.007639 0.004977 0.002172 0.321788 0.052466 0.063159 0.000484 0.032754 0.004586 0.000698 0.000000 0.219940 0.000630 0.018277 0.239395 0.000000 0.000000 0.030282 
322 0.013236 0.001092 0.000218 0.000000 0.000212 0.000399 0.000902 0.526775 0.023885 0.000224 0.000287 0.011702 0.004833 0.000197 0.000000 0.330155 0.000030 0.000487 0.099626 0.000000 0.000000 0.000067 
323 0.011458 0.000853 0.000182 0.000000 0.008995 0.004315 0.000537 0.346352 0.052041 0.057729 0.000471 0.023261 0.003581 0.000628 0.000000 0.255732 0.000389 0.004779 0.223690 0.000000 0.000000 0.017317 
327 0.009547 0.000777 0.001523 0.000000 0.030556 0.008321 0.001880 0.237661 0.056088 0.076869 0.003041 0.079679 0.009325 0.001586 0.000000 0.159684 0.000914 0.041009 0.232784 0.000000 0.000000 0.059079 
331 0.011878 0.000884 0.000469 0.000000 0.004658 0.002201 0.000268 0.390341 0.050105 0.022710 0.000554 0.030924 0.002164 0.000213 0.000000 0.253083 0.000003 0.007516 0.220540 0.000000 0.000000 0.014251 
332 0.011611 0.000863 0.000154 0.000000 0.005190 0.003275 0.000876 0.371981 0.052828 0.034452 0.000311 0.035326 0.002328 0.000046 0.000000 0.251032 0.000152 0.008028 0.210987 0.000000 0.000000 0.023034 
334 0.012549 0.000948 0.000187 0.000000 0.001504 0.000219 0.000304 0.450064 0.046460 0.001019 0.000364 0.016976 0.002970 0.000368 0.000000 0.264329 0.000785 0.000289 0.213995 0.000000 0.000000 0.000165 
335 0.010488 0.000802 0.000675 0.000000 0.002293 0.003508 0.001304 0.319434 0.056769 0.047996 0.000732 0.019001 0.004496 0.000383 0.000000 0.226521 0.001138 0.028944 0.238873 0.000000 0.000000 0.047932 
336 0.012483 0.000941 0.000407 0.000000 0.001703 0.000058 0.000370 0.427719 0.065734 0.004479 0.000318 0.012498 0.003508 0.000301 0.000000 0.276496 0.000600 0.000296 0.205350 0.000000 0.000000 0.000164 
337 0.010352 0.000798 0.000860 0.000000 0.008372 0.002976 0.002584 0.308519 0.060101 0.069281 0.001465 0.034854 0.003265 0.000321 0.000000 0.195798 0.001143 0.015953 0.244741 0.000000 0.000000 0.049767 
339 0.012559 0.000950 0.000289 0.000000 0.002804 0.000032 0.000256 0.454204 0.048006 0.001812 0.000290 0.011455 0.003384 0.000351 0.000000 0.268173 0.000614 0.000337 0.207530 0.000000 0.000000 0.000463 
341 0.013535 0.001193 0.000019 0.000000 0.000549 0.000764 0.000639 0.529647 0.008454 0.000429 0.000160 0.008486 0.003793 0.000242 0.000000 0.395869 0.000414 0.000057 0.050420 0.000000 0.000000 0.000060 
344 0.012154 0.000908 0.000068 0.000000 0.000803 0.000985 0.000810 0.400681 0.067811 0.018479 0.000807 0.010570 0.002146 0.000483 0.000000 0.272899 0.000228 0.002005 0.214939 0.000000 0.000000 0.006287 
345 0.013386 0.001140 0.000118 0.000000 0.000350 0.000440 0.000666 0.525330 0.004812 0.000177 0.000216 0.006696 0.003864 0.000341 0.000000 0.374799 0.000864 0.000267 0.080914 0.000000 0.000000 0.000149 
346 0.013667 0.001252 0.000070 0.000000 0.000881 0.000789 0.000689 0.570806 0.012698 0.000769 0.000308 0.012931 0.004249 0.000374 0.000000 0.372920 0.000070 0.000172 0.022140 0.000000 0.000000 0.000134 
348 0.011965 0.000891 0.000317 0.000000 0.005498 0.002169 0.000105 0.373779 0.055440 0.024866 0.000496 0.034519 0.001962 0.000109 0.000000 0.274130 0.000041 0.004734 0.209475 0.000000 0.000000 0.012360 
349 0.011175 0.000835 0.000189 0.000000 0.010419 0.003386 0.000369 0.322701 0.063782 0.051451 0.000366 0.029558 0.003622 0.000899 0.000000 0.248808 0.000425 0.007688 0.228844 0.000000 0.000000 0.027493 
350 0.013765 0.001309 0.000075 0.000000 0.000851 0.000786 0.000400 0.622789 0.017921 0.000132 0.000282 0.009490 0.006259 0.000447 0.000000 0.338146 0.000381 0.000041 0.001794 0.000000 0.000000 0.000205 
352 0.011636 0.000866 0.000554 0.000000 0.008734 0.001471 0.000364 0.399596 0.061115 0.028857 0.000751 0.011029 0.001644 0.000275 0.000000 0.232077 0.000418 0.008345 0.225760 0.000000 0.000000 0.019009 
354 0.011168 0.000834 0.000250 0.000000 0.015059 0.000769 0.000307 0.329163 0.065160 0.038869 0.000166 0.028696 0.004663 0.000789 0.000000 0.243368 0.000077 0.008404 0.233141 0.000000 0.000000 0.031119 
356 0.013149 0.001068 0.000145 0.000000 0.000907 0.000921 0.000531 0.543180 0.015884 0.000218 0.000322 0.011290 0.004475 0.000353 0.000000 0.297675 0.000304 0.000148 0.123538 0.000000 0.000000 0.000111 
358 0.008842 0.000769 0.002412 0.000000 0.038523 0.006626 0.002625 0.207583 0.055272 0.096331 0.004979 0.055220 0.010309 0.001709 0.000000 0.159317 0.001482 0.053916 0.231702 0.000000 0.000000 0.071994 
359 0.009393 0.000776 0.002475 0.000000 0.022162 0.005198 0.004354 0.211542 0.053066 0.101982 0.004790 0.063277 0.005740 0.001979 0.000000 0.190485 0.000557 0.034028 0.237051 0.000000 0.000000 0.061314 
360 0.012624 0.000958 0.000298 0.000000 0.000347 0.000205 0.000699 0.451480 0.038898 0.000218 0.000273 0.016674 0.004040 0.000400 0.000000 0.279271 0.000131 0.000416 0.206429 0.000000 0.000000 0.000221 
363 0.012817 0.000988 0.000091 0.000000 0.000474 0.000179 0.000651 0.465738 0.039950 0.000832 0.000444 0.017081 0.003653 0.000222 0.000000 0.301058 0.000064 0.000177 0.169374 0.000000 0.000000 0.000009 
364 0.013542 0.001201 0.000159 0.000000 0.000342 0.000672 0.000551 0.555799 0.012368 0.000126 0.000138 0.007700 0.006914 0.000415 0.000000 0.368954 0.000163 0.000213 0.045415 0.000000 0.000000 0.000072 
365 0.009841 0.000782 0.001923 0.000000 0.023638 0.006462 0.001704 0.253337 0.051271 0.085930 0.003180 0.043491 0.004928 0.000959 0.000000 0.202645 0.000975 0.025893 0.238968 0.000000 0.000000 0.054697 
366 0.012741 0.000973 0.000093 0.000000 0.000556 0.000455 0.000676 0.453707 0.043533 0.000457 0.000222 0.013283 0.001174 0.000182 0.000000 0.300623 0.000520 0.000054 0.184463 0.000000 0.000000 0.000002 
368 0.012154 0.000908 0.000068 0.000000 0.000803 0.000985 0.000810 0.400681 0.067811 0.018479 0.000807 0.010570 0.002146 0.000483 0.000000 0.272899 0.000228 0.002005 0.214939 0.000000 0.000000 0.006287 
369 0.013493 0.001180 0.000143 0.000000 0.000321 0.000612 0.000600 0.546550 0.005849 0.000018 0.000129 0.008363 0.008099 0.000362 0.000000 0.370550 0.000094 0.000234 0.057994 0.000000 0.000000 0.000082 
370 0.013734 0.001286 0.000316 0.000000 0.000370 0.000849 0.000533 0.559758 0.013768 0.000314 0.000131 0.014718 0.003016 0.000245 0.000000 0.398431 0.000992 0.000122 0.006200 0.000000 0.000000 0.000237 
371 0.013613 0.001232 0.000100 0.000000 0.000504 0.000838 0.000982 0.554023 0.017403 0.000101 0.000043 0.005991 0.001668 0.000413 0.000000 0.386043 0.001323 0.000036 0.030447 0.000000 0.000000 0.000083 
372 0.013400 0.001141 0.000072 0.000000 0.000483 0.000907 0.000864 0.530102 0.008872 0.000119 0.000018 0.007953 0.000681 0.000392 0.000000 0.368510 0.001067 0.000128 0.079804 0.000000 0.000000 0.000029 
373 0.010438 0.000799 0.000724 0.000000 0.004232 0.003478 0.001479 0.312914 0.056153 0.052934 0.000696 0.030237 0.004170 0.000360 0.000000 0.213670 0.000685 0.044969 0.234253 0.000000 0.000000 0.039046 
376 0.013022 0.001032 0.000118 0.000000 0.000233 0.000030 0.000319 0.506427 0.021173 0.000215 0.000075 0.018521 0.004374 0.000393 0.000000 0.303499 0.000445 0.000215 0.143839 0.000000 0.000000 0.000123 
377 0.013764 0.001305 0.000037 0.000000 0.000533 0.000610 0.000342 0.660702 0.013239 0.000091 0.000202 0.007064 0.004865 0.000258 0.000000 0.298049 0.000256 0.000004 0.013630 0.000000 0.000000 0.000119 
381 0.010175 0.000791 0.000224 0.000000 0.012358 0.002349 0.001697 0.312883 0.056071 0.087650 0.002248 0.029769 0.002945 0.000919 0.000000 0.199258 0.000338 0.017168 0.217597 0.000000 0.000000 0.056527 
382 0.009308 0.000775 0.002037 0.000000 0.024015 0.002162 0.005832 0.229541 0.047427 0.092201 0.005080 0.046415 0.006035 0.001902 0.000000 0.188574 0.001008 0.044137 0.239759 0.000000 0.000000 0.063876 
385 0.013106 0.001054 0.000248 0.000000 0.000533 0.000290 0.000739 0.502608 0.022588 0.000156 0.000127 0.013230 0.003117 0.000411 0.000000 0.329665 0.000252 0.000284 0.125516 0.000000 0.000000 0.000237 
393 0.010918 0.000822 0.000197 0.000000 0.012871 0.001125 0.003721 0.339512 0.045102 0.060067 0.000442 0.041261 0.002388 0.000320 0.000000 0.216866 0.000736 0.011990 0.225825 0.000000 0.000000 0.037576 
397 0.012272 0.000919 0.000338 0.000000 0.002624 0.002728 0.000345 0.442859 0.065112 0.010417 0.000632 0.004194 0.000361 0.000354 0.000000 0.232194 0.000128 0.002610 0.234900 0.000000 0.000000 0.000203 
398 0.011468 0.000853 0.000091 0.000000 0.004743 0.003052 0.000589 0.367231 0.051208 0.045360 0.000774 0.034656 0.002201 0.000100 0.000000 0.243970 0.000302 0.006311 0.213521 0.000000 0.000000 0.025890 
404 0.012123 0.000905 0.000037 0.000000 0.000994 0.001387 0.000602 0.432299 0.052602 0.023282 0.000781 0.004385 0.002138 0.000437 0.000000 0.246237 0.000246 0.002813 0.225696 0.000000 0.000000 0.006063 
405 0.012914 0.001007 0.000050 0.000000 0.000500 0.000257 0.000544 0.493346 0.037886 0.000573 0.000432 0.014679 0.002215 0.000217 0.000000 0.293610 0.000332 0.000163 0.155106 0.000000 0.000000 0.000089 
406 0.013420 0.001151 0.000112 0.000000 0.000333 0.000419 0.000634 0.548218 0.004580 0.000168 0.000205 0.006373 0.003677 0.000324 0.000000 0.356727 0.000822 0.000254 0.077012 0.000000 0.000000 0.000142 
411 0.013792 0.001329 0.000034 0.000000 0.000670 0.000642 0.000431 0.689593 0.013700 0.000099 0.000220 0.007359 0.005189 0.000286 0.000000 0.271727 0.000276 0.000012 0.009638 0.000000 0.000000 0.000124 
414 0.013468 0.001168 0.000013 0.000000 0.000794 0.000854 0.000473 0.546794 0.007362 0.000339 0.000406 0.005659 0.004888 0.000293 0.000000 0.367063 0.000294 0.000002 0.064609 0.000000 0.000000 0.000159 
416 0.011972 0.000892 0.000287 0.000000 0.002973 0.001876 0.000606 0.406728 0.053092 0.029915 0.000290 0.012118 0.002205 0.000524 0.000000 0.255680 0.000272 0.002693 0.220250 0.000000 0.000000 0.010492 
417 0.011516 0.000858 0.000167 0.000000 0.007177 0.002615 0.000349 0.357274 0.059667 0.034382 0.000320 0.029191 0.003263 0.000862 0.000000 0.248583 0.000650 0.005927 0.227405 0.000000 0.000000 0.022167 
418 0.012272 0.000919 0.000338 0.000000 0.002624 0.002728 0.000345 0.442859 0.065112 0.010417 0.000632 0.004194 0.000361 0.000354 0.000000 0.232194 0.000128 0.002610 0.234900 0.000000 0.000000 0.000203 
419 0.008842 0.000769 0.002412 0.000000 0.038523 0.006626 0.002625 0.207583 0.055272 0.096331 0.004979 0.055220 0.010309 0.001709 0.000000 0.159317 0.001482 0.053916 0.231702 0.000000 0.000000 0.071994 
421 0.012443 0.000936 0.000423 0.000000 0.001519 0.000063 0.000113 0.430677 0.046016 0.002556 0.000303 0.011081 0.000528 0.000256 0.000000 0.270474 0.000720 0.000337 0.234784 0.000000 0.000000 0.000149 
422 0.013809 0.001357 0.000039 0.000000 0.000616 0.000542 0.000465 0.732032 0.013699 0.000111 0.000314 0.004718 0.004476 0.000277 0.000000 0.231853 0.000596 0.000064 0.010019 0.000000 0.000000 0.000177 
423 0.008842 0.000769 0.002412 0.000000 0.038523 0.006626 0.002625 0.207583 0.055272 0.096331 0.004979 0.055220 0.010309 0.001709 0.000000 0.159317 0.001482 0.053916 0.231702 0.000000 0.000000 0.071994 
424 0.013236 0.001092 0.000218 0.000000 0.000212 0.000399 0.000902 0.526775 0.023885 0.000224 0.000287 0.011702 0.004833 0.000197 0.000000 0.330155 0.000030 0.000487 0.099626 0.000000 0.000000 0.000067 
425 0.012336 0.000926 0.000120 0.000000 0.000690 0.000711 0.000683 0.420965 0.050589 0.006174 0.000876 0.005511 0.001131 0.000445 0.000000 0.276247 0.000129 0.002466 0.230897 0.000000 0.000000 0.002365 
426 0.012637 0.000960 0.000104 0.000000 0.000013 0.000072 0.000408 0.455355 0.041406 0.000513 0.000368 0.011189 0.003689 0.000142 0.000000 0.283498 0.001005 0.000379 0.201603 0.000000 0.000000 0.000255 
427 0.011829 0.000880 0.000300 0.000000 0.005636 0.002800 0.000251 0.375008 0.055283 0.025088 0.000572 0.031541 0.002617 0.000117 0.000000 0.262807 0.000020 0.009079 0.214362 0.000000 0.000000 0.014518 
429 0.012817 0.000988 0.000091 0.000000 0.000474 0.000179 0.000651 0.465738 0.039950 0.000832 0.000444 0.017081 0.003653 0.000222 0.000000 0.301058 0.000064 0.000177 0.169374 0.000000 0.000000 0.000009 
430 0.009537 0.000777 0.000982 0.000000 0.003381 0.004177 0.002105 0.304905 0.050953 0.067205 0.001101 0.017159 0.008864 0.000161 0.000000 0.163593 0.001206 0.051624 0.257355 0.000000 0.000000 0.065230 
435 0.010488 0.000802 0.000675 0.000000 0.002293 0.003508 0.001304 0.319434 0.056769 0.047996 0.000732 0.019001 0.004496 0.000383 0.000000 0.226521 0.001138 0.028944 0.238873 0.000000 0.000000 0.047932 
436 0.012209 0.000912 0.000288 0.000000 0.004891 0.001717 0.000298 0.402719 0.053477 0.014324 0.000381 0.043068 0.000562 0.000123 0.000000 0.252813 0.000055 0.003932 0.215609 0.000000 0.000000 0.005744 
437 0.013530 0.001195 0.000151 0.000000 0.000243 0.000641 0.000617 0.549575 0.009583 0.000123 0.000131 0.007590 0.006749 0.000409 0.000000 0.374218 0.000164 0.000194 0.049553 0.000000 0.000000 0.000058 
439 0.013586 0.001220 0.000223 0.000000 0.000473 0.000719 0.000335 0.595621 0.013699 0.000118 0.000069 0.008297 0.005604 0.000302 0.000000 0.333015 0.000253 0.000304 0.040872 0.000000 0.000000 0.000096 
440 0.013734 0.001286 0.000316 0.000000 0.000370 0.000849 0.000533 0.559758 0.013768 0.000314 0.000131 0.014718 0.003016 0.000245 0.000000 0.398431 0.000992 0.000122 0.006200 0.000000 0.000000 0.000237 
444 0.009537 0.000777 0.000982 0.000000 0.003381 0.004177 0.002105 0.304905 0.050953 0.067205 0.001101 0.017159 0.008864 0.000161 0.000000 0.163593 0.001206 0.051624 0.257355 0.000000 0.000000 0.065230 
445 0.013574 0.001214 0.000046 0.000000 0.000537 0.000775 0.000747 0.617717 0.002524 0.000438 0.000254 0.010388 0.005221 0.000269 0.000000 0.307170 0.000262 0.000121 0.053427 0.000000 0.000000 0.000104 
449 0.013246 0.001095 0.000219 0.000000 0.000279 0.000473 0.000848 0.521178 0.014972 0.000395 0.000278 0.012226 0.004757 0.000252 0.000000 0.341411 0.000249 0.000470 0.101933 0.000000 0.000000 0.000061 
452 0.012336 0.000926 0.000120 0.000000 0.000690 0.000711 0.000683 0.420965 0.050589 0.006174 0.000876 0.005511 0.001131 0.000445 0.000000 0.276247 0.000129 0.002466 0.230897 0.000000 0.000000 0.002365 
454 0.012836 0.000992 0.000186 0.000000 0.000504 0.000290 0.000715 0.475452 0.022701 0.000186 0.000113 0.008856 0.002954 0.000393 0.000000 0.308107 0.000259 0.000270 0.178780 0.000000 0.000000 0.000233 
455 0.012260 0.000918 0.000285 0.000000 0.002784 0.002560 0.000101 0.434033 0.058506 0.004323 0.000512 0.009252 0.001621 0.000299 0.000000 0.249222 0.000195 0.001839 0.228719 0.000000 0.000000 0.005750 
456 0.013400 0.001141 0.000072 0.000000 0.000483 0.000907 0.000864 0.530102 0.008872 0.000119 0.000018 0.007953 0.000681 0.000392 0.000000 0.368510 0.001067 0.000128 0.079804 0.000000 0.000000 0.000029 
458 0.011516 0.000858 0.000167 0.000000 0.007177 0.002615 0.000349 0.357274 0.059667 0.034382 0.000320 0.029191 0.003263 0.000862 0.000000 0.248583 0.000650 0.005927 0.227405 0.000000 0.000000 0.022167 
461 0.009712 0.000780 0.002208 0.000000 0.022041 0.005915 0.001978 0.243740 0.053373 0.119542 0.002710 0.040278 0.006390 0.000605 0.000000 0.193718 0.001066 0.027119 0.231221 0.000000 0.000000 0.048095 
462 0.009698 0.000778 0.001067 0.000000 0.008667 0.004631 0.002025 0.300917 0.050594 0.052576 0.001294 0.035852 0.007959 0.000373 0.000000 0.175768 0.001158 0.057545 0.236834 0.000000 0.000000 0.062740 
464 0.010565 0.000805 0.000005 0.000000 0.007749 0.002363 0.002675 0.327822 0.056659 0.072243 0.001887 0.038951 0.003365 0.001040 0.000000 0.206834 0.000347 0.024989 0.210756 0.000000 0.000000 0.042315 
466 0.011516 0.000858 0.000167 0.000000 0.007177 0.002615 0.000349 0.357274 0.059667 0.034382 0.000320 0.029191 0.003263 0.000862 0.000000 0.248583 0.000650 0.005927 0.227405 0.000000 0.000000 0.022167 
467 0.010229 0.000791 0.000909 0.000000 0.014420 0.000832 0.002307 0.256653 0.052858 0.069793 0.000741 0.041284 0.005784 0.001226 0.000000 0.243474 0.000102 0.024278 0.234011 0.000000 0.000000 0.051327 
469 0.012373 0.000929 0.000247 0.000000 0.003038 0.001866 0.000262 0.435751 0.065954 0.010756 0.000995 0.006031 0.001276 0.000362 0.000000 0.258759 0.000230 0.001936 0.212360 0.000000 0.000000 0.000177 
470 0.013651 0.001244 0.000130 0.000000 0.000344 0.000310 0.000459 0.551131 0.002331 0.000038 0.000235 0.003464 0.005144 0.000329 0.000000 0.405003 0.000769 0.000433 0.029730 0.000000 0.000000 0.000148 
471 0.012639 0.000961 0.000231 0.000000 0.000064 0.000089 0.000623 0.454541 0.041512 0.000247 0.000359 0.011574 0.003778 0.000081 0.000000 0.284278 0.000950 0.000413 0.200999 0.000000 0.000000 0.000264 
472 0.012808 0.000986 0.000142 0.000000 0.000118 0.001128 0.000623 0.499759 0.037354 0.000347 0.000078 0.012769 0.001299 0.000210 0.000000 0.266956 0.000230 0.000849 0.178020 0.000000 0.000000 0.000116 
474 0.012289 0.000921 0.000329 0.000000 0.002630 0.002096 0.000389 0.441804 0.065378 0.009057 0.000691 0.003866 0.000737 0.000381 0.000000 0.237139 0.000137 0.002565 0.232272 0.000000 0.000000 0.000529 
475 0.013669 0.001256 0.000121 0.000000 0.000323 0.000733 0.000345 0.593872 0.011136 0.000028 0.000181 0.011274 0.005628 0.000304 0.000000 0.350605 0.000792 0.000128 0.024524 0.000000 0.000000 0.000006 
476 0.012157 0.000909 0.000039 0.000000 0.000759 0.001747 0.000567 0.437881 0.052733 0.016466 0.000749 0.003372 0.001725 0.000438 0.000000 0.243695 0.000230 0.002852 0.230418 0.000000 0.000000 0.006329 
477 0.013187 0.001079 0.000110 0.000000 0.000331 0.000689 0.000455 0.501340 0.011077 0.000165 0.000143 0.004344 0.006695 0.000292 0.000000 0.360239 0.000563 0.000181 0.113251 0.000000 0.000000 0.000125 
479 0.013106 0.001054 0.000248 0.000000 0.000533 0.000290 0.000739 0.502608 0.022588 0.000156 0.000127 0.013230 0.003117 0.000411 0.000000 0.329665 0.000252 0.000284 0.125516 0.000000 0.000000 0.000237 
480 0.013436 0.001158 0.000178 0.000000 0.000429 0.000680 0.000328 0.532113 0.007088 0.000068 0.000187 0.010128 0.006400 0.000428 0.000000 0.373015 0.000198 0.000171 0.068489 0.000000 0.000000 0.000099 
482 0.010951 0.000824 0.000714 0.000000 0.010268 0.004692 0.000609 0.328736 0.066429 0.062175 0.000829 0.028042 0.002648 0.000687 0.000000 0.231353 0.001146 0.010778 0.217959 0.000000 0.000000 0.032935 
483 0.013508 0.001185 0.000228 0.000000 0.000387 0.000586 0.000648 0.549798 0.004666 0.000178 0.000144 0.012080 0.006292 0.000372 0.000000 0.367141 0.000416 0.000162 0.056855 0.000000 0.000000 0.000045 
484 0.011468 0.000853 0.000091 0.000000 0.004743 0.003052 0.000589 0.367231 0.051208 0.045360 0.000774 0.034656 0.002201 0.000100 0.000000 0.243970 0.000302 0.006311 0.213521 0.000000 0.000000 0.025890 
485 0.013621 0.001234 0.000134 0.000000 0.000347 0.000440 0.000493 0.517930 0.004865 0.000058 0.000223 0.007051 0.004150 0.000331 0.000000 0.430981 0.000776 0.000345 0.031758 0.000000 0.000000 0.000118 
486 0.013638 0.001238 0.000130 0.000000 0.000335 0.000425 0.000476 0.534618 0.004696 0.000056 0.000215 0.006807 0.004006 0.000319 0.000000 0.416061 0.000749 0.000333 0.030659 0.000000 0.000000 0.000114 
490 0.012891 0.001002 0.000078 0.000000 0.000565 0.000144 0.000772 0.475156 0.033646 0.000863 0.000426 0.013274 0.003045 0.000207 0.000000 0.311224 0.000066 0.000184 0.160307 0.000000 0.000000 0.000043 
493 0.009929 0.000786 0.001966 0.000000 0.020158 0.002995 0.004204 0.271386 0.050021 0.085725 0.003358 0.049268 0.005060 0.001172 0.000000 0.191650 0.001012 0.025809 0.232348 0.000000 0.000000 0.053869 
495 0.011831 0.000880 0.000329 0.000000 0.005636 0.002760 0.000270 0.373250 0.054552 0.025589 0.000571 0.031530 0.002604 0.000086 0.000000 0.265811 0.000004 0.008984 0.213439 0.000000 0.000000 0.014583 
500 0.013239 0.001094 0.000180 0.000000 0.000389 0.000878 0.000438 0.517192 0.013866 0.001814 0.000397 0.009526 0.002657 0.000303 0.000000 0.349247 0.000213 0.000397 0.102138 0.000000 0.000000 0.000366 
501 0.008842 0.000769 0.002412 0.000000 0.038523 0.006626 0.002625 0.207583 0.055272 0.096331 0.004979 0.055220 0.010309 0.001709 0.000000 0.159317 0.001482 0.053916 0.231702 0.000000 0.000000 0.071994 
504 0.012428 0.000935 0.000464 0.000000 0.001709 0.000107 0.000538 0.426792 0.064654 0.003944 0.000336 0.011835 0.003861 0.000298 0.000000 0.267249 0.000812 0.000368 0.216917 0.000000 0.000000 0.000118 
506 0.013281 0.001105 0.000210 0.000000 0.000267 0.000454 0.000813 0.540635 0.014363 0.000379 0.000267 0.011729 0.004564 0.000241 0.000000 0.327538 0.000239 0.000451 0.097791 0.000000 0.000000 0.000059 
507 0.012817 0.000988 0.000091 0.000000 0.000474 0.000179 0.000651 0.465738 0.039950 0.000832 0.000444 0.017081 0.003653 0.000222 0.000000 0.301058 0.000064 0.000177 0.169374 0.000000 0.000000 0.000009 
509 0.013121 0.001059 0.000127 0.000000 0.000240 0.000340 0.000240 0.499662 0.025025 0.000271 0.000079 0.019460 0.004381 0.000424 0.000000 0.329833 0.000296 0.000234 0.119134 0.000000 0.000000 0.000255 
511 0.011574 0.000861 0.000184 0.000000 0.006996 0.003141 0.000554 0.347653 0.053030 0.049064 0.000356 0.023426 0.002895 0.000625 0.000000 0.266485 0.000423 0.004400 0.224432 0.000000 0.000000 0.016335 
514 0.013400 0.001141 0.000072 0.000000 0.000483 0.000907 0.000864 0.530102 0.008872 0.000119 0.000018 0.007953 0.000681 0.000392 0.000000 0.368510 0.001067 0.000128 0.079804 0.000000 0.000000 0.000029 
515 0.011831 0.000880 0.000329 0.000000 0.005636 0.002760 0.000270 0.373250 0.054552 0.025589 0.000571 0.031530 0.002604 0.000086 0.000000 0.265811 0.000004 0.008984 0.213439 0.000000 0.000000 0.014583 
516 0.012038 0.000896 0.000275 0.000000 0.005712 0.001942 0.000023 0.400464 0.051402 0.019978 0.000411 0.029816 0.000532 0.000080 0.000000 0.246981 0.000062 0.005742 0.228963 0.000000 0.000000 0.007616 
519 0.012624 0.000958 0.000298 0.000000 0.000347 0.000205 0.000699 0.451480 0.038898 0.000218 0.000273 0.016674 0.004040 0.000400 0.000000 0.279271 0.000131 0.000416 0.206429 0.000000 0.000000 0.000221 
520 0.013015 0.001031 0.000119 0.000000 0.000235 0.000030 0.000322 0.503234 0.021310 0.000217 0.000075 0.018640 0.004402 0.000396 0.000000 0.305462 0.000448 0.000216 0.144769 0.000000 0.000000 0.000124 
526 0.008842 0.000769 0.002412 0.000000 0.038523 0.006626 0.002625 0.207583 0.055272 0.096331 0.004979 0.055220 0.010309 0.001709 0.000000 0.159317 0.001482 0.053916 0.231702 0.000000 0.000000 0.071994 
528 0.012549 0.000948 0.000187 0.000000 0.001504 0.000219 0.000304 0.450064 0.046460 0.001019 0.000364 0.016976 0.002970 0.000368 0.000000 0.264329 0.000785 0.000289 0.213995 0.000000 0.000000 0.000165 
529 0.013016 0.001031 0.000345 0.000000 0.000419 0.000508 0.000591 0.478358 0.018966 0.000139 0.000133 0.011112 0.002207 0.000432 0.000000 0.341075 0.000295 0.000227 0.144995 0.000000 0.000000 0.000197 
530 0.013721 0.001277 0.000316 0.000000 0.000454 0.000771 0.000545 0.551163 0.014793 0.000322 0.000004 0.017892 0.002923 0.000239 0.000000 0.400804 0.000614 0.000211 0.008752 0.000000 0.000000 0.000197 
531 0.012483 0.000941 0.000407 0.000000 0.001703 0.000058 0.000370 0.427719 0.065734 0.004479 0.000318 0.012498 0.003508 0.000301 0.000000 0.276496 0.000600 0.000296 0.205350 0.000000 0.000000 0.000164 
532 0.011322 0.000845 0.000066 0.000000 0.005714 0.004147 0.000278 0.346486 0.051524 0.054752 0.000726 0.025361 0.004550 0.000516 0.000000 0.249033 0.001061 0.010980 0.223439 0.000000 0.000000 0.021368 
538 0.010715 0.000811 0.000246 0.000000 0.014852 0.001676 0.004531 0.324379 0.054027 0.062849 0.000536 0.038827 0.002250 0.000299 0.000000 0.208143 0.000768 0.014609 0.231392 0.000000 0.000000 0.040614 
539 0.010317 0.000797 0.001416 0.000000 0.018781 0.005880 0.001087 0.291268 0.055007 0.066302 0.003599 0.054413 0.004009 0.001002 0.000000 0.201791 0.000877 0.029981 0.220870 0.000000 0.000000 0.043716 
542 0.011696 0.000869 0.000184 0.000000 0.005395 0.001864 0.000548 0.379283 0.065455 0.043141 0.000557 0.024162 0.002723 0.000513 0.000000 0.241794 0.000379 0.003242 0.215470 0.000000 0.000000 0.015292 
546 0.009308 0.000775 0.002037 0.000000 0.024015 0.002162 0.005832 0.229541 0.047427 0.092201 0.005080 0.046415 0.006035 0.001902 0.000000 0.188574 0.001008 0.044137 0.239759 0.000000 0.000000 0.063876 
548 0.008842 0.000769 0.002412 0.000000 0.038523 0.006626 0.002625 0.207583 0.055272 0.096331 0.004979 0.055220 0.010309 0.001709 0.000000 0.159317 0.001482 0.053916 0.231702 0.000000 0.000000 0.071994 
550 0.012433 0.000935 0.000442 0.000000 0.002192 0.000079 0.000378 0.430442 0.053059 0.004373 0.000325 0.011914 0.003396 0.000356 0.000000 0.267995 0.000742 0.000302 0.223861 0.000000 0.000000 0.000142 
551 0.012624 0.000958 0.000298 0.000000 0.000347 0.000205 0.000699 0.451480 0.038898 0.000218 0.000273 0.016674 0.004040 0.000400 0.000000 0.279271 0.000131 0.000416 0.206429 0.000000 0.000000 0.000221 
552 0.013646 0.001240 0.000047 0.000000 0.000815 0.001556 0.000453 0.536591 0.010276 0.000428 0.000261 0.008504 0.004350 0.000004 0.000000 0.410371 0.000193 0.000029 0.025963 0.000000 0.000000 0.000160 
554 0.013133 0.001061 0.000041 0.000000 0.000647 0.000171 0.000698 0.502682 0.009474 0.000124 0.000200 0.000863 0.001263 0.000664 0.000000 0.351344 0.000885 0.000120 0.130702 0.000000 0.000000 0.000121 
556 0.011083 0.000830 0.000196 0.000000 0.015097 0.001218 0.000405 0.335129 0.062677 0.046233 0.000668 0.022821 0.007211 0.000645 0.000000 0.240376 0.000305 0.008332 0.225312 0.000000 0.000000 0.033375 
557 0.010865 0.000819 0.000703 0.000000 0.005554 0.005017 0.002052 0.320002 0.050523 0.064943 0.000701 0.034357 0.004985 0.000798 0.000000 0.226059 0.000542 0.014667 0.237094 0.000000 0.000000 0.032003 
558 0.010846 0.000818 0.000752 0.000000 0.007639 0.004977 0.002172 0.321788 0.052466 0.063159 0.000484 0.032754 0.004586 0.000698 0.000000 0.219940 0.000630 0.018277 0.239395 0.000000 0.000000 0.030282 
560 0.013638 0.001238 0.000130 0.000000 0.000335 0.000425 0.000476 0.534618 0.004696 0.000056 0.000215 0.006807 0.004006 0.000319 0.000000 0.416061 0.000749 0.000333 0.030659 0.000000 0.000000 0.000114 
561 0.011715 0.000872 0.000432 0.000000 0.009110 0.002923 0.000100 0.375524 0.072463 0.028012 0.000568 0.011626 0.002864 0.000356 0.000000 0.250653 0.000174 0.008946 0.223333 0.000000 0.000000 0.012916 
565 0.012559 0.000950 0.000289 0.000000 0.002804 0.000032 0.000256 0.454204 0.048006 0.001812 0.000290 0.011455 0.003384 0.000351 0.000000 0.268173 0.000614 0.000337 0.207530 0.000000 0.000000 0.000463 
570 0.013400 0.001141 0.000072 0.000000 0.000483 0.000907 0.000864 0.530102 0.008872 0.000119 0.000018 0.007953 0.000681 0.000392 0.000000 0.368510 0.001067 0.000128 0.079804 0.000000 0.000000 0.000029 
571 0.012209 0.000912 0.000288 0.000000 0.004891 0.001717 0.000298 0.402719 0.053477 0.014324 0.000381 0.043068 0.000562 0.000123 0.000000 0.252813 0.000055 0.003932 0.215609 0.000000 0.000000 0.005744 
580 0.012741 0.000973 0.000093 0.000000 0.000556 0.000455 0.000676 0.453707 0.043533 0.000457 0.000222 0.013283 0.001174 0.000182 0.000000 0.300623 0.000520 0.000054 0.184463 0.000000 0.000000 0.000002 
581 0.013325 0.001120 0.000334 0.000000 0.000410 0.000707 0.000600 0.505753 0.009261 0.000440 0.000261 0.014137 0.003011 0.000245 0.000000 0.375332 0.000546 0.000076 0.088649 0.000000 0.000000 0.000239 
582 0.012443 0.000936 0.000423 0.000000 0.001519 0.000063 0.000113 0.430677 0.046016 0.002556 0.000303 0.011081 0.000528 0.000256 0.000000 0.270474 0.000720 0.000337 0.234784 0.000000 0.000000 0.000149 
584 0.011761 0.000875 0.000482 0.000000 0.005055 0.002415 0.000267 0.369378 0.051772 0.025542 0.000533 0.030961 0.002605 0.000220 0.000000 0.260779 0.000005 0.009374 0.225274 0.000000 0.000000 0.015337 
589 0.012288 0.000921 0.000058 0.000000 0.001501 0.000629 0.000602 0.439219 0.053807 0.008567 0.000992 0.006327 0.002468 0.000417 0.000000 0.250335 0.000041 0.002924 0.228780 0.000000 0.000000 0.003333 
592 0.012288 0.000921 0.000058 0.000000 0.001501 0.000629 0.000602 0.439219 0.053807 0.008567 0.000992 0.006327 0.002468 0.000417 0.000000 0.250335 0.000041 0.002924 0.228780 0.000000 0.000000 0.003333 
595 0.011778 0.000876 0.000420 0.000000 0.005199 0.002594 0.000263 0.370864 0.052203 0.025932 0.000555 0.025265 0.002355 0.000198 0.000000 0.263451 0.000018 0.009088 0.227472 0.000000 0.000000 0.014123 
596 0.013498 0.001182 0.000013 0.000000 0.000571 0.000764 0.000669 0.609020 0.005241 0.000467 0.000216 0.009911 0.003795 0.000261 0.000000 0.300150 0.000262 0.000052 0.068492 0.000000 0.000000 0.000117 
598 0.011947 0.000890 0.000379 0.000000 0.005353 0.001992 0.000110 0.372287 0.054999 0.024481 0.000475 0.040160 0.002213 0.000132 0.000000 0.271428 0.000028 0.005035 0.207352 0.000000 0.000000 0.013577 
599 0.011574 0.000861 0.000184 0.000000 0.006996 0.003141 0.000554 0.347653 0.053030 0.049064 0.000356 0.023426 0.002895 0.000625 0.000000 0.266485 0.000423 0.004400 0.224432 0.000000 0.000000 0.016335 
600 0.010519 0.000802 0.000637 0.000000 0.003756 0.005391 0.003156 0.299406 0.052067 0.059166 0.000435 0.038859 0.005297 0.000513 0.000000 0.224699 0.000691 0.025283 0.236758 0.000000 0.000000 0.043885 
601 0.011636 0.000866 0.000554 0.000000 0.008734 0.001471 0.000364 0.399596 0.061115 0.028857 0.000751 0.011029 0.001644 0.000275 0.000000 0.232077 0.000418 0.008345 0.225760 0.000000 0.000000 0.019009 
603 0.010287 0.000795 0.001746 0.000000 0.028346 0.004672 0.001520 0.295879 0.053980 0.076832 0.002523 0.043800 0.002559 0.000613 0.000000 0.195916 0.001171 0.024924 0.222611 0.000000 0.000000 0.042907 
606 0.009832 0.000781 0.002233 0.000000 0.033447 0.006679 0.002130 0.240846 0.055827 0.094605 0.001290 0.048105 0.002251 0.001044 0.000000 0.211348 0.001161 0.022079 0.220791 0.000000 0.000000 0.056165 
608 0.010952 0.000823 0.000798 0.000000 0.004726 0.004960 0.002032 0.312055 0.049000 0.056493 0.000599 0.038477 0.001842 0.000556 0.000000 0.249711 0.000555 0.017475 0.227721 0.000000 0.000000 0.033001 
610 0.013739 0.001292 0.000310 0.000000 0.000385 0.000795 0.000535 0.561331 0.013611 0.000266 0.000133 0.014734 0.005466 0.000192 0.000000 0.397957 0.000831 0.000128 0.003074 0.000000 0.000000 0.000252 
613 0.012409 0.000933 0.000088 0.000000 0.001575 0.000629 0.000565 0.425334 0.058394 0.007963 0.000771 0.006457 0.003171 0.000394 0.000000 0.283224 0.000191 0.001746 0.207207 0.000000 0.000000 0.002292 
614 0.011083 0.000830 0.000196 0.000000 0.015097 0.001218 0.000405 0.335129 0.062677 0.046233 0.000668 0.022821 0.007211 0.000645 0.000000 0.240376 0.000305 0.008332 0.225312 0.000000 0.000000 0.033375 
620 0.011228 0.000839 0.000783 0.000000 0.005638 0.003015 0.001220 0.369371 0.054006 0.058479 0.000148 0.023114 0.003861 0.000320 0.000000 0.223023 0.000362 0.001743 0.223819 0.000000 0.000000 0.031099 
621 0.009551 0.000777 0.001151 0.000000 0.027312 0.005265 0.001995 0.211615 0.046548 0.078312 0.002812 0.053230 0.004951 0.000962 0.000000 0.228315 0.000835 0.025997 0.239328 0.000000 0.000000 0.071371 
625 0.009331 0.000774 0.002094 0.000000 0.018722 0.003535 0.005841 0.230321 0.051482 0.091197 0.004966 0.051488 0.004203 0.001900 0.000000 0.186810 0.000972 0.050883 0.234575 0.000000 0.000000 0.061012 
626 0.011175 0.000835 0.000189 0.000000 0.010419 0.003386 0.000369 0.322701 0.063782 0.051451 0.000366 0.029558 0.003622 0.000899 0.000000 0.248808 0.000425 0.007688 0.228844 0.000000 0.000000 0.027493 
627 0.012433 0.000935 0.000442 0.000000 0.002192 0.000079 0.000378 0.430442 0.053059 0.004373 0.000325 0.011914 0.003396 0.000356 0.000000 0.267995 0.000742 0.000302 0.223861 0.000000 0.000000 0.000142 
631 0.013792 0.001329 0.000034 0.000000 0.000670 0.000642 0.000431 0.689593 0.013700 0.000099 0.000220 0.007359 0.005189 0.000286 0.000000 0.271727 0.000276 0.000012 0.009638 0.000000 0.000000 0.000124 
634 0.011178 0.000834 0.000211 0.000000 0.010844 0.000602 0.000417 0.335479 0.062323 0.055012 0.000641 0.024892 0.004242 0.000590 0.000000 0.238849 0.000202 0.010785 0.229968 0.000000 0.000000 0.024945 
637 0.012889 0.001003 0.000064 0.000000 0.000456 0.000513 0.000602 0.467067 0.037045 0.000216 0.000011 0.017213 0.003780 0.000257 0.000000 0.315943 0.000345 0.000362 0.155834 0.000000 0.000000 0.000291 
639 0.012592 0.000954 0.000212 0.000000 0.000623 0.000801 0.000886 0.420120 0.035988 0.000618 0.000303 0.014296 0.000882 0.000139 0.000000 0.309152 0.000424 0.000149 0.215314 0.000000 0.000000 0.000094 
640 0.010488 0.000802 0.000675 0.000000 0.002293 0.003508 0.001304 0.319434 0.056769 0.047996 0.000732 0.019001 0.004496 0.000383 0.000000 0.226521 0.001138 0.028944 0.238873 0.000000 0.000000 0.047932 
644 0.008842 0.000769 0.002412 0.000000 0.038523 0.006626 0.002625 0.207583 0.055272 0.096331 0.004979 0.055220 0.010309 0.001709 0.000000 0.159317 0.001482 0.053916 0.231702 0.000000 0.000000 0.071994 
645 0.010488 0.000802 0.000922 0.000000 0.002256 0.002637 0.001286 0.345449 0.055932 0.047084 0.000776 0.013444 0.006263 0.000055 0.000000 0.215283 0.000912 0.038308 0.222384 0.000000 0.000000 0.047008 
647 0.009873 0.000782 0.002287 0.000000 0.027255 0.006363 0.001899 0.240061 0.053000 0.104551 0.002896 0.058947 0.005493 0.000817 0.000000 0.205796 0.001018 0.033204 0.210731 0.000000 0.000000 0.045683 
648 0.011458 0.000853 0.000182 0.000000 0.008995 0.004315 0.000537 0.346352 0.052041 0.057729 0.000471 0.023261 0.003581 0.000628 0.000000 0.255732 0.000389 0.004779 0.223690 0.000000 0.000000 0.017317 
652 0.012721 0.000972 0.000110 0.000000 0.000586 0.000432 0.000705 0.451299 0.047186 0.000780 0.000300 0.017615 0.003850 0.000178 0.000000 0.294885 0.000484 0.000064 0.181517 0.000000 0.000000 0.000009 
653 0.012891 0.001002 0.000078 0.000000 0.000565 0.000144 0.000772 0.475156 0.033646 0.000863 0.000426 0.013274 0.003045 0.000207 0.000000 0.311224 0.000066 0.000184 0.160307 0.000000 0.000000 0.000043 
654 0.013719 0.001279 0.000334 0.000000 0.000386 0.000706 0.000747 0.563884 0.013897 0.000164 0.000170 0.015650 0.003257 0.000300 0.000000 0.389680 0.000648 0.000290 0.009622 0.000000 0.000000 0.000265 
657 0.012038 0.000896 0.000275 0.000000 0.005712 0.001942 0.000023 0.400464 0.051402 0.019978 0.000411 0.029816 0.000532 0.000080 0.000000 0.246981 0.000062 0.005742 0.228963 0.000000 0.000000 0.007616 
658 0.013792 0.001329 0.000034 0.000000 0.000670 0.000642 0.000431 0.689593 0.013700 0.000099 0.000220 0.007359 0.005189 0.000286 0.000000 0.271727 0.000276 0.000012 0.009638 0.000000 0.000000 0.000124 
662 0.013183 0.001078 0.000035 0.000000 0.000699 0.000793 0.000489 0.534393 0.016386 0.000187 0.000328 0.010910 0.006260 0.000477 0.000000 0.314659 0.000214 0.000021 0.114040 0.000000 0.000000 0.000109 
668 0.011996 0.000894 0.000415 0.000000 0.005866 0.002718 0.000794 0.368563 0.060659 0.033173 0.000561 0.030910 0.001939 0.000082 0.000000 0.269989 0.000201 0.007506 0.213167 0.000000 0.000000 0.003456 
670 0.011761 0.000875 0.000482 0.000000 0.005055 0.002415 0.000267 0.369378 0.051772 0.025542 0.000533 0.030961 0.002605 0.000220 0.000000 0.260779 0.000005 0.009374 0.225274 0.000000 0.000000 0.015337 
671 0.010951 0.000824 0.000714 0.000000 0.010268 0.004692 0.000609 0.328736 0.066429 0.062175 0.000829 0.028042 0.002648 0.000687 0.000000 0.231353 0.001146 0.010778 0.217959 0.000000 0.000000 0.032935 
675 0.012496 0.000942 0.000539 0.000000 0.002002 0.000082 0.000372 0.446607 0.049791 0.003558 0.000437 0.004720 0.003309 0.000128 0.000000 0.269962 0.000587 0.000302 0.217423 0.000000 0.000000 0.000181 
677 0.012038 0.000896 0.000275 0.000000 0.005712 0.001942 0.000023 0.400464 0.051402 0.019978 0.000411 0.029816 0.000532 0.000080 0.000000 0.246981 0.000062 0.005742 0.228963 0.000000 0.000000 0.007616 
679 0.013436 0.001158 0.000178 0.000000 0.000429 0.000680 0.000328 0.532113 0.007088 0.000068 0.000187 0.010128 0.006400 0.000428 0.000000 0.373015 0.000198 0.000171 0.068489 0.000000 0.000000 0.000099 
687 0.011924 0.000888 0.000232 0.000000 0.005668 0.002820 0.000193 0.372742 0.059322 0.022939 0.000595 0.031983 0.002550 0.000223 0.000000 0.271322 0.000070 0.009173 0.208869 0.000000 0.000000 0.011299 
688 0.010952 0.000823 0.000798 0.000000 0.004726 0.004960 0.002032 0.312055 0.049000 0.056493 0.000599 0.038477 0.001842 0.000556 0.000000 0.249711 0.000555 0.017475 0.227721 0.000000 0.000000 0.033001 
690 0.009873 0.000782 0.002287 0.000000 0.027255 0.006363 0.001899 0.240061 0.053000 0.104551 0.002896 0.058947 0.005493 0.000817 0.000000 0.205796 0.001018 0.033204 0.210731 0.000000 0.000000 0.045683 
693 0.012962 0.001018 0.000231 0.000000 0.000532 0.000252 0.000616 0.503275 0.027958 0.000157 0.000090 0.013081 0.001865 0.000426 0.000000 0.297681 0.000243 0.000384 0.152952 0.000000 0.000000 0.000256 
697 0.010498 0.000802 0.000162 0.000000 0.002304 0.004897 0.001220 0.315952 0.054869 0.046411 0.000873 0.022633 0.005780 0.000306 0.000000 0.226853 0.001234 0.030563 0.239172 0.000000 0.000000 0.046773 
699 0.011226 0.000839 0.000656 0.000000 0.008637 0.003607 0.000311 0.340016 0.054743 0.047926 0.000926 0.016557 0.002758 0.000739 0.000000 0.255259 0.000012 0.013030 0.229527 0.000000 0.000000 0.025295 
700 0.012174 0.000911 0.000032 0.000000 0.000778 0.001117 0.000610 0.436853 0.053084 0.015056 0.000808 0.003047 0.002095 0.000465 0.000000 0.248596 0.000237 0.002804 0.227802 0.000000 0.000000 0.006616 
702 0.011853 0.000882 0.000231 0.000000 0.005660 0.002280 0.000265 0.376308 0.046426 0.026413 0.000464 0.032016 0.002552 0.000066 0.000000 0.268835 0.000023 0.009338 0.214811 0.000000 0.000000 0.014312 
703 0.012798 0.000985 0.000078 0.000000 0.000469 0.000335 0.000613 0.457426 0.040113 0.000104 0.000044 0.017525 0.004242 0.000320 0.000000 0.306543 0.000397 0.000286 0.171305 0.000000 0.000000 0.000201 
705 0.013072 0.001044 0.000338 0.000000 0.000030 0.000429 0.000851 0.513789 0.019950 0.000319 0.000189 0.008325 0.004239 0.000045 0.000000 0.315210 0.000113 0.000381 0.135614 0.000000 0.000000 0.000179 
707 0.009393 0.000776 0.002475 0.000000 0.022162 0.005198 0.004354 0.211542 0.053066 0.101982 0.004790 0.063277 0.005740 0.001979 0.000000 0.190485 0.000557 0.034028 0.237051 0.000000 0.000000 0.061314 
709 0.013682 0.001261 0.000154 0.000000 0.000503 0.000421 0.000773 0.577844 0.011983 0.000095 0.000187 0.008278 0.005936 0.000393 0.000000 0.373156 0.000437 0.000140 0.019623 0.000000 0.000000 0.000075 
710 0.012869 0.000998 0.000017 0.000000 0.000255 0.000316 0.000311 0.488766 0.015732 0.000142 0.000069 0.013432 0.002448 0.000444 0.000000 0.297553 0.000282 0.000209 0.179776 0.000000 0.000000 0.000249 
712 0.012852 0.000995 0.000112 0.000000 0.000054 0.000240 0.000269 0.477125 0.017253 0.000174 0.000023 0.018618 0.003387 0.000365 0.000000 0.301766 0.000423 0.000241 0.179821 0.000000 0.000000 0.000130 
713 0.012707 0.000970 0.000236 0.000000 0.000605 0.000534 0.000888 0.442490 0.029820 0.000433 0.000210 0.023866 0.001279 0.000255 0.000000 0.301248 0.000400 0.000298 0.197332 0.000000 0.000000 0.000107 
714 0.012744 0.000974 0.000091 0.000000 0.000520 0.000565 0.000572 0.460405 0.037255 0.000390 0.000100 0.014739 0.001731 0.000303 0.000000 0.295105 0.000375 0.000202 0.187479 0.000000 0.000000 0.000169 
717 0.012177 0.000911 0.000044 0.000000 0.000665 0.001738 0.000936 0.395627 0.039576 0.031991 0.000327 0.021500 0.001803 0.000179 0.000000 0.282982 0.000425 0.000009 0.217068 0.000000 0.000000 0.005131 
718 0.012433 0.000935 0.000442 0.000000 0.002192 0.000079 0.000378 0.430442 0.053059 0.004373 0.000325 0.011914 0.003396 0.000356 0.000000 0.267995 0.000742 0.000302 0.223861 0.000000 0.000000 0.000142 
719 0.013155 0.001069 0.000165 0.000000 0.000380 0.000513 0.000393 0.501375 0.015125 0.001141 0.000332 0.010177 0.003587 0.000217 0.000000 0.348179 0.000227 0.000348 0.117333 0.000000 0.000000 0.000508 
720 0.012336 0.000926 0.000120 0.000000 0.000690 0.000711 0.000683 0.420965 0.050589 0.006174 0.000876 0.005511 0.001131 0.000445 0.000000 0.276247 0.000129 0.002466 0.230897 0.000000 0.000000 0.002365 
721 0.013565 0.001211 0.000154 0.000000 0.000334 0.000704 0.000772 0.555255 0.012438 0.000132 0.000157 0.007393 0.006675 0.000414 0.000000 0.374577 0.000174 0.000247 0.040498 0.000000 0.000000 0.000075 
722 0.011924 0.000888 0.000232 0.000000 0.005668 0.002820 0.000193 0.372742 0.059322 0.022939 0.000595 0.031983 0.002550 0.000223 0.000000 0.271322 0.000070 0.009173 0.208869 0.000000 0.000000 0.011299 
723 0.011965 0.000891 0.000317 0.000000 0.005498 0.002169 0.000105 0.373779 0.055440 0.024866 0.000496 0.034519 0.001962 0.000109 0.000000 0.274130 0.000041 0.004734 0.209475 0.000000 0.000000 0.012360 
728 0.011175 0.000835 0.000189 0.000000 0.010419 0.003386 0.000369 0.322701 0.063782 0.051451 0.000366 0.029558 0.003622 0.000899 0.000000 0.248808 0.000425 0.007688 0.228844 0.000000 0.000000 0.027493 
730 0.013582 0.001217 0.000122 0.000000 0.001363 0.000969 0.000523 0.545176 0.007143 0.000374 0.000348 0.002223 0.005089 0.000347 0.000000 0.396306 0.000523 0.000010 0.039406 0.000000 0.000000 0.000079 
731 0.013640 0.001236 0.000188 0.000000 0.000034 0.001075 0.000517 0.548910 0.004591 0.000302 0.000222 0.017776 0.003368 0.000125 0.000000 0.389947 0.000614 0.000015 0.031999 0.000000 0.000000 0.000318 
732 0.012689 0.000967 0.000071 0.000000 0.000597 0.000434 0.000584 0.445751 0.047520 0.001804 0.000270 0.016424 0.003832 0.000227 0.000000 0.296720 0.000559 0.000135 0.185008 0.000000 0.000000 0.000063 
738 0.012379 0.000930 0.000063 0.000000 0.000445 0.000412 0.000606 0.444781 0.050520 0.006679 0.000974 0.008053 0.002711 0.000388 0.000000 0.258415 0.000030 0.002198 0.220714 0.000000 0.000000 0.003012 
740 0.013539 0.001196 0.000117 0.000000 0.001301 0.000643 0.000976 0.569106 0.008829 0.000184 0.000397 0.007982 0.001029 0.000364 0.000000 0.354743 0.000791 0.000058 0.053309 0.000000 0.000000 0.000172 
743 0.012592 0.000954 0.000212 0.000000 0.000623 0.000801 0.000886 0.420120 0.035988 0.000618 0.000303 0.014296 0.000882 0.000139 0.000000 0.309152 0.000424 0.000149 0.215314 0.000000 0.000000 0.000094 
745 0.012443 0.000936 0.000423 0.000000 0.001519 0.000063 0.000113 0.430677 0.046016 0.002556 0.000303 0.011081 0.000528 0.000256 0.000000 0.270474 0.000720 0.000337 0.234784 0.000000 0.000000 0.000149 
747 0.013111 0.001055 0.000246 0.000000 0.000530 0.000289 0.000735 0.505188 0.022471 0.000155 0.000126 0.013161 0.003101 0.000408 0.000000 0.327954 0.000250 0.000283 0.124865 0.000000 0.000000 0.000235 
749 0.010323 0.000798 0.001167 0.000000 0.016930 0.003382 0.003626 0.267337 0.056823 0.069634 0.002571 0.039192 0.006609 0.001197 0.000000 0.230124 0.000087 0.023789 0.233748 0.000000 0.000000 0.043785 
750 0.011083 0.000830 0.000196 0.000000 0.015097 0.001218 0.000405 0.335129 0.062677 0.046233 0.000668 0.022821 0.007211 0.000645 0.000000 0.240376 0.000305 0.008332 0.225312 0.000000 0.000000 0.033375 
751 0.010050 0.000791 0.002081 0.000000 0.031127 0.005079 0.000535 0.244579 0.055246 0.093070 0.003461 0.049081 0.005506 0.001026 0.000000 0.211941 0.001587 0.028382 0.227685 0.000000 0.000000 0.039613 
752 0.008984 0.000770 0.002307 0.000000 0.032653 0.009853 0.002860 0.220201 0.058795 0.098893 0.005019 0.056754 0.009488 0.000962 0.000000 0.155390 0.001469 0.046421 0.227901 0.000000 0.000000 0.071033 
753 0.012480 0.000940 0.000104 0.000000 0.000533 0.000568 0.000674 0.430430 0.063023 0.000194 0.000119 0.013716 0.003239 0.000307 0.000000 0.269257 0.001350 0.000382 0.216037 0.000000 0.000000 0.000066 
754 0.010865 0.000819 0.000703 0.000000 0.005554 0.005017 0.002052 0.320002 0.050523 0.064943 0.000701 0.034357 0.004985 0.000798 0.000000 0.226059 0.000542 0.014667 0.237094 0.000000 0.000000 0.032003 
756 0.012209 0.000912 0.000288 0.000000 0.004891 0.001717 0.000298 0.402719 0.053477 0.014324 0.000381 0.043068 0.000562 0.000123 0.000000 0.252813 0.000055 0.003932 0.215609 0.000000 0.000000 0.005744 
757 0.009903 0.000783 0.002453 0.000000 0.032624 0.006527 0.002026 0.247080 0.056123 0.096319 0.001604 0.046636 0.000784 0.001018 0.000000 0.206605 0.001182 0.019622 0.226735 0.000000 0.000000 0.052662 
758 0.012677 0.000965 0.000209 0.000000 0.000709 0.000511 0.000866 0.441094 0.029177 0.000616 0.000301 0.022472 0.001256 0.000140 0.000000 0.297751 0.000424 0.000263 0.204168 0.000000 0.000000 0.000043 
760 0.013809 0.001357 0.000039 0.000000 0.000616 0.000542 0.000465 0.732032 0.013699 0.000111 0.000314 0.004718 0.004476 0.000277 0.000000 0.231853 0.000596 0.000064 0.010019 0.000000 0.000000 0.000177 
761 0.011468 0.000853 0.000091 0.000000 0.004743 0.003052 0.000589 0.367231 0.051208 0.045360 0.000774 0.034656 0.002201 0.000100 0.000000 0.243970 0.000302 0.006311 0.213521 0.000000 0.000000 0.025890 
762 0.013320 0.001113 0.000072 0.000000 0.000608 0.000716 0.000659 0.521456 0.011683 0.000173 0.000036 0.002846 0.000317 0.000402 0.000000 0.365423 0.000799 0.000148 0.094552 0.000000 0.000000 0.000110 
766 0.012083 0.000901 0.000368 0.000000 0.005302 0.001812 0.000067 0.403533 0.050254 0.016615 0.000380 0.023540 0.001096 0.000130 0.000000 0.253441 0.000346 0.002738 0.232501 0.000000 0.000000 0.007876 
767 0.012929 0.001011 0.000291 0.000000 0.000406 0.000654 0.000736 0.467562 0.027265 0.000058 0.000462 0.013443 0.001473 0.000193 0.000000 0.330502 0.000429 0.000435 0.155944 0.000000 0.000000 0.000147 
769 0.010498 0.000802 0.000162 0.000000 0.002304 0.004897 0.001220 0.315952 0.054869 0.046411 0.000873 0.022633 0.005780 0.000306 0.000000 0.226853 0.001234 0.030563 0.239172 0.000000 0.000000 0.046773 
770 0.013480 0.001172 0.000145 0.000000 0.000300 0.000622 0.000696 0.546854 0.008181 0.000056 0.000126 0.008757 0.004798 0.000360 0.000000 0.366000 0.000411 0.000171 0.062438 0.000000 0.000000 0.000084 
772 0.011173 0.000835 0.000256 0.000000 0.010709 0.003318 0.000093 0.316790 0.060029 0.051235 0.000767 0.030034 0.002107 0.000938 0.000000 0.259772 0.000047 0.008103 0.227268 0.000000 0.000000 0.028536 
777 0.012559 0.000950 0.000289 0.000000 0.002804 0.000032 0.000256 0.454204 0.048006 0.001812 0.000290 0.011455 0.003384 0.000351 0.000000 0.268173 0.000614 0.000337 0.207530 0.000000 0.000000 0.000463 
781 0.011335 0.000845 0.000187 0.000000 0.007073 0.003819 0.000374 0.358809 0.060898 0.046832 0.000369 0.022930 0.003658 0.000954 0.000000 0.240096 0.000420 0.006039 0.220806 0.000000 0.000000 0.026736 
782 0.013468 0.001168 0.000013 0.000000 0.000794 0.000854 0.000473 0.546794 0.007362 0.000339 0.000406 0.005659 0.004888 0.000293 0.000000 0.367063 0.000294 0.000002 0.064609 0.000000 0.000000 0.000159 
783 0.010175 0.000791 0.000224 0.000000 0.012358 0.002349 0.001697 0.312883 0.056071 0.087650 0.002248 0.029769 0.002945 0.000919 0.000000 0.199258 0.000338 0.017168 0.217597 0.000000 0.000000 0.056527 
784 0.013072 0.001044 0.000338 0.000000 0.000030 0.000429 0.000851 0.513789 0.019950 0.000319 0.000189 0.008325 0.004239 0.000045 0.000000 0.315210 0.000113 0.000381 0.135614 0.000000 0.000000 0.000179 
785 0.011173 0.000835 0.000256 0.000000 0.010709 0.003318 0.000093 0.316790 0.060029 0.051235 0.000767 0.030034 0.002107 0.000938 0.000000 0.259772 0.000047 0.008103 0.227268 0.000000 0.000000 0.028536 
786 0.010689 0.000809 0.000123 0.000000 0.010078 0.002424 0.003901 0.322500 0.055061 0.060882 0.001149 0.041179 0.001811 0.000344 0.000000 0.209216 0.000579 0.020140 0.230526 0.000000 0.000000 0.040085 
787 0.011027 0.000826 0.000243 0.000000 0.010259 0.003158 0.000164 0.326095 0.064572 0.057697 0.000725 0.023691 0.004204 0.000583 0.000000 0.245398 0.000536 0.009927 0.220300 0.000000 0.000000 0.032446 
788 0.010852 0.000818 0.000607 0.000000 0.007249 0.004354 0.001896 0.325343 0.056818 0.058703 0.000450 0.032268 0.004700 0.000737 0.000000 0.217447 0.000712 0.018468 0.238688 0.000000 0.000000 0.031560 
789 0.012272 0.000919 0.000338 0.000000 0.002624 0.002728 0.000345 0.442859 0.065112 0.010417 0.000632 0.004194 0.000361 0.000354 0.000000 0.232194 0.000128 0.002610 0.234900 0.000000 0.000000 0.000203 
792 0.010580 0.000807 0.000923 0.000000 0.011818 0.002478 0.003102 0.315385 0.054953 0.075168 0.002005 0.034807 0.002622 0.001019 0.000000 0.212665 0.000300 0.015791 0.225994 0.000000 0.000000 0.040971 
795 0.011348 0.000847 0.000133 0.000000 0.016759 0.001386 0.000742 0.327828 0.067056 0.054127 0.000138 0.044683 0.002067 0.000250 0.000000 0.251843 0.000977 0.016100 0.196472 0.000000 0.000000 0.019439 
797 0.013792 0.001329 0.000034 0.000000 0.000670 0.000642 0.000431 0.689593 0.013700 0.000099 0.000220 0.007359 0.005189 0.000286 0.000000 0.271727 0.000276 0.000012 0.009638 0.000000 0.000000 0.000124 
799 0.011168 0.000834 0.000250 0.000000 0.015059 0.000769 0.000307 0.329163 0.065160 0.038869 0.000166 0.028696 0.004663 0.000789 0.000000 0.243368 0.000077 0.008404 0.233141 0.000000 0.000000 0.031119 
