1 0.013581 0.001218 0.000125 0.000000 0.000825 0.001636 0.000563 0.489522 0.002459 0.000412 0.000108 0.023650 0.001104 0.000513 0.000000 0.439654 0.000216 0.000648 0.038028 0.000000 0.000000 0.000538 
7 0.009819 0.000778 0.003642 0.000000 0.020983 0.009176 0.002712 0.241488 0.037421 0.084131 0.001516 0.067561 0.009788 0.000397 0.000000 0.211110 0.000000 0.038877 0.218332 0.000908 0.000000 0.051958 
8 0.013847 0.001616 0.000491 0.000000 0.001567 0.001216 0.000672 0.959275 0.011424 0.001461 0.001355 0.005143 0.000931 0.000271 0.000000 0.001307 0.000618 0.003553 0.009639 0.000000 0.000000 0.001078 
11 0.012095 0.000903 0.000727 0.000000 0.004536 0.002515 0.000332 0.400705 0.070512 0.013127 0.000435 0.024773 0.000541 0.000318 0.000000 0.247758 0.000240 0.004137 0.222866 0.000000 0.000000 0.006479 
14 0.013186 0.001076 0.000335 0.000000 0.001301 0.000121 0.000472 0.502276 0.013932 0.000377 0.000527 0.022427 0.000486 0.000297 0.000000 0.342806 0.000204 0.000654 0.113150 0.000000 0.000000 0.000634 
15 0.010877 0.000818 0.000358 0.000000 0.015119 0.000894 0.001641 0.314996 0.060281 0.056107 0.000457 0.021833 0.002841 0.000945 0.000000 0.254741 0.000000 0.022710 0.213492 0.000333 0.000000 0.033253 
19 0.013581 0.001218 0.000125 0.000000 0.000825 0.001636 0.000563 0.489522 0.002459 0.000412 0.000108 0.023650 0.001104 0.000513 0.000000 0.439654 0.000216 0.000648 0.038028 0.000000 0.000000 0.000538 
20 0.013847 0.001616 0.000491 0.000000 0.001567 0.001216 0.000672 0.959275 0.011424 0.001461 0.001355 0.005143 0.000931 0.000271 0.000000 0.001307 0.000618 0.003553 0.009639 0.000000 0.000000 0.001078 
22 0.012989 0.001027 0.000125 0.000000 0.000864 0.001383 0.000319 0.500886 0.020050 0.000151 0.001007 0.031315 0.000935 0.000178 0.000000 0.293061 0.000338 0.000652 0.148459 0.000000 0.000000 0.000277 
23 0.012336 0.000926 0.000477 0.000000 0.000318 0.002572 0.000573 0.415429 0.059635 0.007400 0.000426 0.031123 0.002003 0.000371 0.000000 0.256769 0.000601 0.001005 0.218438 0.000000 0.000000 0.002859 
31 0.012183 0.000911 0.000194 0.000000 0.002498 0.004533 0.000446 0.411114 0.078018 0.003990 0.000000 0.022119 0.000986 0.000131 0.000000 0.247656 0.000230 0.004767 0.216550 0.000000 0.000097 0.006670 
33 0.013030 0.001035 0.000000 0.000000 0.000847 0.001559 0.000348 0.474598 0.018695 0.000096 0.000797 0.032126 0.000830 0.000272 0.000000 0.329576 0.000226 0.000770 0.139014 0.000000 0.000049 0.000197 
34 0.012804 0.000989 0.000335 0.000000 0.000744 0.001696 0.000198 0.483433 0.025796 0.000238 0.001103 0.029060 0.000775 0.000298 0.000000 0.275473 0.000143 0.000420 0.179846 0.000000 0.000000 0.000440 
36 0.013653 0.001250 0.000069 0.000000 0.000843 0.001146 0.000643 0.607019 0.012121 0.000305 0.001023 0.021410 0.000178 0.000185 0.000000 0.323886 0.000225 0.000942 0.029789 0.000000 0.000000 0.000217 
37 0.013283 0.001105 0.000101 0.000000 0.000479 0.001047 0.000355 0.474645 0.007585 0.000470 0.000468 0.019386 0.000397 0.000289 0.000000 0.396513 0.000133 0.000363 0.097274 0.000000 0.000000 0.000496 
38 0.010903 0.000821 0.000454 0.000000 0.016501 0.002903 0.001622 0.311523 0.057708 0.053929 0.000455 0.025648 0.002446 0.001191 0.000000 0.258642 0.000000 0.022292 0.211813 0.000510 0.000000 0.032364 
43 0.012095 0.000903 0.000727 0.000000 0.004536 0.002515 0.000332 0.400705 0.070512 0.013127 0.000435 0.024773 0.000541 0.000318 0.000000 0.247758 0.000240 0.004137 0.222866 0.000000 0.000000 0.006479 
44 0.012800 0.000989 0.000162 0.000000 0.000347 0.002098 0.000406 0.484651 0.033360 0.001475 0.000389 0.017887 0.000208 0.000301 0.000000 0.284633 0.000305 0.002637 0.170634 0.000000 0.000000 0.000505 
47 0.012834 0.000993 0.000131 0.000000 0.000840 0.001985 0.000578 0.468096 0.039005 0.000224 0.000650 0.023568 0.001052 0.000364 0.000000 0.298313 0.000160 0.001191 0.163794 0.000000 0.000000 0.000048 
48 0.010960 0.000821 0.000698 0.000000 0.000862 0.002704 0.001317 0.348677 0.056461 0.055251 0.000238 0.031749 0.002528 0.000170 0.000000 0.223731 0.000000 0.030488 0.215172 0.000178 0.000000 0.029776 
49 0.013697 0.001277 0.000034 0.000000 0.000434 0.000669 0.000073 0.627840 0.024348 0.000053 0.001015 0.026644 0.000315 0.000227 0.000000 0.300011 0.000310 0.000459 0.017473 0.000000 0.000000 0.000095 
51 0.013596 0.001222 0.000211 0.000000 0.000177 0.001490 0.000724 0.548055 0.010549 0.000370 0.000249 0.027522 0.001212 0.000417 0.000000 0.372433 0.000210 0.000671 0.035081 0.000000 0.000000 0.000630 
52 0.013742 0.001358 0.000640 0.000000 0.001368 0.001197 0.000697 0.722112 0.013448 0.002391 0.001326 0.013368 0.000655 0.000370 0.000000 0.232736 0.000945 0.002606 0.005398 0.000000 0.000000 0.000743 
53 0.013048 0.001038 0.000011 0.000000 0.001038 0.001494 0.000621 0.484572 0.015791 0.000345 0.000273 0.024350 0.000662 0.000238 0.000000 0.330114 0.000156 0.000574 0.139105 0.000000 0.000000 0.000657 
56 0.012869 0.001002 0.000305 0.000000 0.000825 0.000323 0.000364 0.510102 0.030457 0.000184 0.001072 0.018969 0.000715 0.000323 0.000000 0.266856 0.000318 0.000704 0.168365 0.000000 0.000000 0.000118 
58 0.013637 0.001246 0.000299 0.000000 0.002286 0.001178 0.000556 0.531632 0.015450 0.000565 0.000796 0.024089 0.000051 0.000304 0.000000 0.401799 0.000025 0.000248 0.019815 0.000000 0.000000 0.000906 
59 0.013735 0.001383 0.000751 0.000000 0.001620 0.000833 0.000684 0.765672 0.012796 0.002328 0.001495 0.013815 0.000491 0.000372 0.000000 0.183902 0.000713 0.002461 0.010956 0.000000 0.000000 0.001113 
60 0.013395 0.001142 0.000172 0.000000 0.000695 0.001727 0.000637 0.543521 0.004889 0.000546 0.000547 0.022160 0.000382 0.000336 0.000000 0.343050 0.000189 0.000629 0.079948 0.000000 0.000000 0.000573 
68 0.013271 0.001099 0.000166 0.000000 0.000308 0.001417 0.000337 0.505943 0.005917 0.000485 0.000525 0.020690 0.000425 0.000282 0.000000 0.359342 0.000144 0.000603 0.102931 0.000000 0.000000 0.000485 
70 0.011253 0.000840 0.000894 0.000000 0.013595 0.002013 0.001272 0.345177 0.057861 0.037765 0.000158 0.021299 0.001265 0.000286 0.000000 0.255599 0.000000 0.017510 0.217606 0.000000 0.000113 0.027589 
71 0.013002 0.001026 0.000288 0.000000 0.001075 0.001069 0.000541 0.490901 0.014345 0.000863 0.000123 0.021784 0.000511 0.000281 0.000000 0.316222 0.000122 0.000114 0.151190 0.000000 0.000000 0.000572 
72 0.013576 0.001216 0.000184 0.000000 0.001059 0.001538 0.000623 0.571020 0.008835 0.000325 0.000901 0.023116 0.000421 0.000332 0.000000 0.348374 0.000187 0.000617 0.041884 0.000000 0.000000 0.000583 
73 0.012019 0.000896 0.000218 0.000000 0.003600 0.003429 0.000220 0.390586 0.069711 0.011647 0.000802 0.025502 0.000534 0.000234 0.000000 0.253946 0.000262 0.004819 0.224505 0.000000 0.000000 0.009985 
75 0.011323 0.000844 0.000193 0.000000 0.007380 0.002774 0.000521 0.361047 0.056839 0.032780 0.000286 0.037754 0.003916 0.000179 0.000000 0.231228 0.000188 0.023488 0.217034 0.000000 0.000000 0.024393 
77 0.013411 0.001148 0.000166 0.000000 0.000710 0.001824 0.000611 0.547227 0.003460 0.000458 0.000611 0.022593 0.000456 0.000339 0.000000 0.342114 0.000186 0.000592 0.078101 0.000000 0.000000 0.000553 
80 0.011323 0.000844 0.000193 0.000000 0.007380 0.002774 0.000521 0.361047 0.056839 0.032780 0.000286 0.037754 0.003916 0.000179 0.000000 0.231228 0.000188 0.023488 0.217034 0.000000 0.000000 0.024393 
83 0.012232 0.000915 0.000195 0.000000 0.002872 0.003804 0.000332 0.399266 0.069629 0.006828 0.000000 0.023350 0.001242 0.000160 0.000000 0.270501 0.000228 0.003126 0.212013 0.000000 0.000091 0.006362 
85 0.011479 0.000854 0.000465 0.000000 0.009064 0.000124 0.000805 0.360822 0.070650 0.038254 0.000112 0.020844 0.001364 0.000353 0.000000 0.254540 0.000000 0.009988 0.208683 0.000000 0.000105 0.023828 
86 0.011479 0.000854 0.000465 0.000000 0.009064 0.000124 0.000805 0.360822 0.070650 0.038254 0.000112 0.020844 0.001364 0.000353 0.000000 0.254540 0.000000 0.009988 0.208683 0.000000 0.000105 0.023828 
88 0.012544 0.000948 0.000054 0.000000 0.000962 0.001881 0.000584 0.438063 0.041252 0.000341 0.000175 0.030509 0.001559 0.000255 0.000000 0.271622 0.000484 0.001898 0.208395 0.000000 0.000000 0.001967 
89 0.012183 0.000911 0.000194 0.000000 0.002498 0.004533 0.000446 0.411114 0.078018 0.003990 0.000000 0.022119 0.000986 0.000131 0.000000 0.247656 0.000230 0.004767 0.216550 0.000000 0.000097 0.006670 
90 0.011182 0.000834 0.000634 0.000000 0.013218 0.001170 0.001289 0.349782 0.057884 0.042500 0.000200 0.020539 0.001254 0.000272 0.000000 0.245351 0.000000 0.018344 0.218429 0.000000 0.000104 0.029030 
95 0.012375 0.000930 0.000589 0.000000 0.000861 0.001976 0.000755 0.404474 0.060741 0.013584 0.000372 0.026294 0.000660 0.000294 0.000000 0.283554 0.000258 0.001000 0.202013 0.000000 0.000000 0.002576 
96 0.013202 0.001082 0.000032 0.000000 0.000584 0.000682 0.000000 0.508682 0.021179 0.000070 0.001032 0.028822 0.000318 0.000286 0.000000 0.330413 0.000323 0.001208 0.106306 0.000000 0.000039 0.000024 
97 0.011343 0.000844 0.000185 0.000000 0.008212 0.002727 0.000566 0.339546 0.056109 0.033349 0.000168 0.040756 0.004294 0.000179 0.000000 0.243533 0.000204 0.016452 0.229680 0.000000 0.000000 0.024038 
99 0.012627 0.000959 0.000047 0.000000 0.000186 0.001751 0.000263 0.441330 0.045899 0.001048 0.000646 0.029139 0.001039 0.000297 0.000000 0.282425 0.000258 0.002000 0.192855 0.000000 0.000000 0.000818 
100 0.012647 0.000962 0.000168 0.000000 0.000093 0.003424 0.000397 0.444697 0.040882 0.000486 0.000778 0.033184 0.001037 0.000067 0.000000 0.279605 0.000191 0.001823 0.192442 0.000000 0.000000 0.000726 
102 0.012040 0.000896 0.000000 0.000000 0.002751 0.003293 0.000090 0.393525 0.064627 0.013097 0.000410 0.020811 0.000708 0.000028 0.000000 0.263971 0.000220 0.002176 0.222040 0.000000 0.000150 0.012103 
103 0.011625 0.000865 0.000382 0.000000 0.004733 0.003404 0.000864 0.374645 0.073643 0.037142 0.000871 0.021451 0.000827 0.000436 0.000000 0.238117 0.000205 0.008283 0.219283 0.000000 0.000000 0.015715 
104 0.013847 0.001616 0.000491 0.000000 0.001567 0.001216 0.000672 0.959275 0.011424 0.001461 0.001355 0.005143 0.000931 0.000271 0.000000 0.001307 0.000618 0.003553 0.009639 0.000000 0.000000 0.001078 
105 0.011936 0.000889 0.000397 0.000000 0.003278 0.003407 0.000196 0.391518 0.068724 0.016440 0.000862 0.021289 0.000546 0.000000 0.000000 0.253794 0.000259 0.004735 0.221864 0.000000 0.000220 0.012472 
106 0.012544 0.000948 0.000054 0.000000 0.000962 0.001881 0.000584 0.438063 0.041252 0.000341 0.000175 0.030509 0.001559 0.000255 0.000000 0.271622 0.000484 0.001898 0.208395 0.000000 0.000000 0.001967 
107 0.009830 0.000776 0.001041 0.000000 0.016775 0.005020 0.002396 0.258873 0.033081 0.088157 0.001450 0.049646 0.011820 0.000382 0.000000 0.226260 0.000000 0.041366 0.206518 0.000824 0.000000 0.056392 
109 0.010995 0.000824 0.000089 0.000000 0.010736 0.004468 0.000865 0.350250 0.048341 0.042761 0.000215 0.037153 0.005194 0.000301 0.000000 0.226951 0.000121 0.019834 0.214395 0.000000 0.000000 0.038325 
111 0.010061 0.000786 0.000567 0.000000 0.021821 0.008851 0.003143 0.238369 0.041728 0.073592 0.000000 0.054896 0.010728 0.000621 0.000000 0.251827 0.000402 0.036611 0.207155 0.002584 0.000000 0.047103 
113 0.013829 0.001558 0.000598 0.000000 0.001222 0.001920 0.000735 0.916212 0.014996 0.001443 0.001835 0.002779 0.001085 0.000289 0.000000 0.046653 0.000690 0.002947 0.005631 0.000000 0.000000 0.000965 
114 0.013070 0.001046 0.000176 0.000000 0.000727 0.000805 0.000020 0.485271 0.017633 0.000241 0.001214 0.025068 0.000798 0.000280 0.000000 0.334305 0.000325 0.000641 0.132255 0.000000 0.000000 0.000241 
115 0.012880 0.001004 0.000043 0.000000 0.000852 0.001622 0.000214 0.491219 0.027435 0.000100 0.001365 0.032231 0.000840 0.000262 0.000000 0.278571 0.000224 0.000760 0.164190 0.000000 0.000073 0.000000 
117 0.012988 0.001027 0.000125 0.000000 0.000865 0.001384 0.000319 0.500443 0.020068 0.000151 0.001008 0.031343 0.000936 0.000179 0.000000 0.293320 0.000338 0.000652 0.148591 0.000000 0.000000 0.000277 
118 0.013581 0.001218 0.000125 0.000000 0.000825 0.001636 0.000563 0.489522 0.002459 0.000412 0.000108 0.023650 0.001104 0.000513 0.000000 0.439654 0.000216 0.000648 0.038028 0.000000 0.000000 0.000538 
121 0.008972 0.000763 0.001189 0.000000 0.027695 0.006956 0.003016 0.202153 0.025387 0.131156 0.001588 0.064840 0.014195 0.000634 0.000000 0.198021 0.000000 0.037749 0.207928 0.001050 0.000000 0.076444 
122 0.012375 0.000930 0.000589 0.000000 0.000861 0.001976 0.000755 0.404474 0.060741 0.013584 0.000372 0.026294 0.000660 0.000294 0.000000 0.283554 0.000258 0.001000 0.202013 0.000000 0.000000 0.002576 
123 0.013791 0.001384 0.000500 0.000000 0.001279 0.000636 0.000195 0.780481 0.003000 0.001173 0.000775 0.010929 0.000166 0.000418 0.000000 0.176961 0.000519 0.001227 0.021323 0.000000 0.000000 0.000420 
125 0.011021 0.000826 0.000526 0.000000 0.019665 0.005037 0.000227 0.354462 0.054622 0.063852 0.000283 0.005262 0.007157 0.000296 0.000000 0.226673 0.000000 0.013811 0.221532 0.000292 0.000000 0.026305 
127 0.013291 0.001107 0.000314 0.000000 0.001198 0.001518 0.000315 0.505059 0.020534 0.000231 0.000422 0.020386 0.000620 0.000176 0.000000 0.358751 0.000044 0.000257 0.089900 0.000000 0.000000 0.000276 
128 0.013173 0.001073 0.000322 0.000000 0.001553 0.000626 0.000417 0.500459 0.021978 0.000532 0.000490 0.022235 0.000276 0.000270 0.000000 0.338989 0.000153 0.000472 0.110768 0.000000 0.000000 0.000459 
131 0.010061 0.000786 0.000567 0.000000 0.021821 0.008851 0.003143 0.238369 0.041728 0.073592 0.000000 0.054896 0.010728 0.000621 0.000000 0.251827 0.000402 0.036611 0.207155 0.002584 0.000000 0.047103 
133 0.011588 0.000862 0.000378 0.000000 0.004601 0.003280 0.000816 0.368927 0.072316 0.033654 0.000729 0.020885 0.001003 0.000386 0.000000 0.246619 0.000182 0.007461 0.219025 0.000000 0.000000 0.019739 
134 0.009451 0.000772 0.001333 0.000000 0.016342 0.008484 0.001646 0.191170 0.053504 0.078481 0.001548 0.070466 0.007980 0.001083 0.000000 0.221999 0.000000 0.036691 0.241123 0.001035 0.000000 0.067116 
137 0.013847 0.001616 0.000491 0.000000 0.001567 0.001216 0.000672 0.959275 0.011424 0.001461 0.001355 0.005143 0.000931 0.000271 0.000000 0.001307 0.000618 0.003553 0.009639 0.000000 0.000000 0.001078 
142 0.010816 0.000817 0.000306 0.000000 0.028305 0.002317 0.001591 0.299628 0.058695 0.062677 0.000423 0.028193 0.002315 0.000985 0.000000 0.257436 0.000000 0.023076 0.201658 0.000512 0.000000 0.031882 
144 0.011276 0.000841 0.000088 0.000000 0.007005 0.003236 0.000523 0.324088 0.075675 0.033265 0.000316 0.035369 0.003884 0.000187 0.000000 0.251055 0.000123 0.020912 0.220927 0.000000 0.000000 0.023347 
145 0.013340 0.001121 0.000150 0.000000 0.000376 0.001433 0.000200 0.508905 0.006664 0.000421 0.000478 0.021488 0.000555 0.000139 0.000000 0.369145 0.000151 0.000643 0.088748 0.000000 0.000000 0.000504 
146 0.010805 0.000816 0.000677 0.000000 0.002789 0.006338 0.000704 0.319460 0.056501 0.047761 0.000000 0.056244 0.006170 0.000894 0.000000 0.220447 0.000280 0.036063 0.212970 0.000625 0.000000 0.032076 
148 0.011588 0.000862 0.000378 0.000000 0.004601 0.003280 0.000816 0.368927 0.072316 0.033654 0.000729 0.020885 0.001003 0.000386 0.000000 0.246619 0.000182 0.007461 0.219025 0.000000 0.000000 0.019739 
151 0.011759 0.000875 0.000527 0.000000 0.005255 0.003431 0.000562 0.376099 0.071376 0.025675 0.000611 0.018438 0.001427 0.000000 0.000000 0.246138 0.000000 0.010155 0.229285 0.000082 0.000068 0.010871 
157 0.011323 0.000844 0.000193 0.000000 0.007380 0.002774 0.000521 0.361047 0.056839 0.032780 0.000286 0.037754 0.003916 0.000179 0.000000 0.231228 0.000188 0.023488 0.217034 0.000000 0.000000 0.024393 
158 0.012998 0.001030 0.000154 0.000000 0.000898 0.000167 0.000384 0.454168 0.014142 0.000191 0.001157 0.028373 0.001006 0.000213 0.000000 0.351967 0.000091 0.001454 0.145452 0.000000 0.000000 0.000184 
159 0.009939 0.000782 0.003127 0.000000 0.026582 0.008448 0.001652 0.253433 0.037643 0.075951 0.001646 0.064768 0.010887 0.000294 0.000000 0.211326 0.000000 0.033799 0.216855 0.000688 0.000000 0.052902 
160 0.013735 0.001383 0.000751 0.000000 0.001620 0.000833 0.000684 0.765672 0.012796 0.002328 0.001495 0.013815 0.000491 0.000372 0.000000 0.183902 0.000713 0.002461 0.010956 0.000000 0.000000 0.001113 
161 0.013358 0.001129 0.000002 0.000000 0.000655 0.001552 0.000548 0.531973 0.002448 0.000366 0.000485 0.021355 0.000732 0.000332 0.000000 0.350232 0.000196 0.001130 0.087322 0.000000 0.000000 0.000672 
166 0.011182 0.000834 0.000634 0.000000 0.013218 0.001170 0.001289 0.349782 0.057884 0.042500 0.000200 0.020539 0.001254 0.000272 0.000000 0.245351 0.000000 0.018344 0.218429 0.000000 0.000104 0.029030 
168 0.012515 0.000945 0.000000 0.000000 0.000959 0.002331 0.000130 0.436220 0.043231 0.007212 0.000777 0.032036 0.001293 0.000224 0.000000 0.268829 0.000175 0.002823 0.203195 0.000000 0.000097 0.000467 
169 0.012809 0.000990 0.000365 0.000000 0.000747 0.001485 0.000423 0.437879 0.035225 0.000178 0.001307 0.026462 0.000312 0.000119 0.000000 0.326280 0.000111 0.000475 0.168192 0.000000 0.000000 0.000440 
171 0.011096 0.000829 0.000219 0.000000 0.009017 0.001543 0.000559 0.325007 0.061030 0.032061 0.000093 0.044006 0.001942 0.000208 0.000000 0.242990 0.000307 0.023931 0.224860 0.000000 0.000000 0.032229 
174 0.013340 0.001122 0.000063 0.000000 0.000742 0.001553 0.000515 0.519471 0.007727 0.000478 0.000280 0.022369 0.000140 0.000357 0.000000 0.356353 0.000260 0.000583 0.088561 0.000000 0.000000 0.000549 
175 0.011588 0.000862 0.000378 0.000000 0.004601 0.003280 0.000816 0.368927 0.072316 0.033654 0.000729 0.020885 0.001003 0.000386 0.000000 0.246619 0.000182 0.007461 0.219025 0.000000 0.000000 0.019739 
176 0.010527 0.000805 0.001335 0.000000 0.004055 0.005797 0.001202 0.300150 0.061898 0.054662 0.000000 0.048811 0.005102 0.000999 0.000000 0.200701 0.000317 0.036550 0.244538 0.000460 0.000000 0.033424 
177 0.009838 0.000777 0.002365 0.000000 0.020804 0.010597 0.001449 0.241004 0.037491 0.086237 0.001399 0.072177 0.009459 0.000425 0.000000 0.212620 0.000000 0.039091 0.211625 0.001105 0.000000 0.052152 
180 0.011755 0.000876 0.000112 0.000000 0.010586 0.002341 0.000147 0.337469 0.076437 0.016879 0.000360 0.039155 0.001357 0.000017 0.000000 0.267043 0.000131 0.009352 0.224628 0.000000 0.000000 0.013985 
182 0.010877 0.000818 0.000358 0.000000 0.015119 0.000894 0.001641 0.314996 0.060281 0.056107 0.000457 0.021833 0.002841 0.000945 0.000000 0.254741 0.000000 0.022710 0.213492 0.000333 0.000000 0.033253 
183 0.011180 0.000835 0.000000 0.000000 0.007597 0.004165 0.000888 0.350452 0.058603 0.037372 0.000182 0.037480 0.002003 0.000222 0.000000 0.233462 0.000399 0.022619 0.215337 0.000497 0.000000 0.028723 
184 0.013446 0.001161 0.000067 0.000000 0.000770 0.001352 0.000602 0.558588 0.004758 0.000841 0.000551 0.023169 0.000307 0.000189 0.000000 0.336146 0.000229 0.000516 0.071085 0.000000 0.000000 0.000831 
186 0.012084 0.000900 0.000000 0.000000 0.002848 0.003415 0.000124 0.399567 0.065796 0.016165 0.000544 0.021365 0.000530 0.000071 0.000000 0.255917 0.000243 0.002892 0.222343 0.000000 0.000167 0.008016 
189 0.011690 0.000869 0.000173 0.000000 0.006421 0.003081 0.000000 0.372556 0.079387 0.026320 0.000163 0.017881 0.001554 0.000176 0.000000 0.233817 0.000133 0.004377 0.239897 0.000166 0.000000 0.013898 
192 0.013465 0.001168 0.000128 0.000000 0.000563 0.001409 0.000715 0.540413 0.008333 0.000347 0.000219 0.026721 0.001125 0.000368 0.000000 0.354822 0.000201 0.000714 0.063323 0.000000 0.000000 0.000599 
193 0.012266 0.000918 0.000333 0.000000 0.001913 0.001943 0.000404 0.421054 0.062915 0.003845 0.000362 0.010127 0.001327 0.000000 0.000000 0.264090 0.000568 0.004182 0.221826 0.000000 0.000088 0.005024 
195 0.009547 0.000771 0.003284 0.000000 0.031579 0.010589 0.002789 0.236411 0.037077 0.079023 0.000915 0.065286 0.008167 0.000000 0.000000 0.196523 0.000122 0.038195 0.224401 0.000555 0.000000 0.065084 
197 0.012499 0.000943 0.000525 0.000000 0.002401 0.002094 0.000622 0.416241 0.052711 0.000391 0.000173 0.027396 0.000573 0.000463 0.000000 0.287291 0.000267 0.000832 0.205490 0.000000 0.000000 0.002530 
199 0.011889 0.000885 0.000185 0.000000 0.005143 0.003176 0.000381 0.384344 0.071101 0.011343 0.000141 0.017414 0.001082 0.000190 0.000000 0.248272 0.000204 0.007562 0.238267 0.000000 0.000000 0.011195 
200 0.010061 0.000786 0.000567 0.000000 0.021821 0.008851 0.003143 0.238369 0.041728 0.073592 0.000000 0.054896 0.010728 0.000621 0.000000 0.251827 0.000402 0.036611 0.207155 0.002584 0.000000 0.047103 
202 0.013129 0.001061 0.000173 0.000000 0.000698 0.000902 0.000117 0.501508 0.020029 0.000070 0.001063 0.027576 0.000736 0.000264 0.000000 0.324653 0.000227 0.000816 0.121099 0.000000 0.000069 0.000000 
203 0.008972 0.000763 0.001189 0.000000 0.027695 0.006956 0.003016 0.202153 0.025387 0.131156 0.001588 0.064840 0.014195 0.000634 0.000000 0.198021 0.000000 0.037749 0.207928 0.001050 0.000000 0.076444 
205 0.013070 0.001046 0.000176 0.000000 0.000727 0.000805 0.000020 0.485271 0.017633 0.000241 0.001214 0.025068 0.000798 0.000280 0.000000 0.334305 0.000325 0.000641 0.132255 0.000000 0.000000 0.000241 
212 0.011694 0.000871 0.000238 0.000000 0.006151 0.001892 0.000440 0.369420 0.048210 0.024675 0.000379 0.039295 0.002593 0.000128 0.000000 0.261625 0.000280 0.016231 0.209803 0.000000 0.000000 0.018639 
213 0.013581 0.001218 0.000125 0.000000 0.000825 0.001636 0.000563 0.489522 0.002459 0.000412 0.000108 0.023650 0.001104 0.000513 0.000000 0.439654 0.000216 0.000648 0.038028 0.000000 0.000000 0.000538 
219 0.013050 0.001042 0.000044 0.000000 0.000870 0.001510 0.000307 0.469473 0.016704 0.000173 0.000960 0.048051 0.000667 0.000249 0.000000 0.325588 0.000222 0.000988 0.133939 0.000000 0.000000 0.000254 
220 0.013645 0.001259 0.000466 0.000000 0.000728 0.001075 0.000281 0.625654 0.002662 0.000754 0.001042 0.043322 0.000715 0.000290 0.000000 0.286413 0.000300 0.001137 0.034907 0.000000 0.000000 0.000252 
221 0.013333 0.001117 0.000109 0.000000 0.000332 0.001481 0.000238 0.515874 0.008327 0.000350 0.000289 0.003829 0.000720 0.000159 0.000000 0.375092 0.000152 0.000402 0.092190 0.000000 0.000000 0.000454 
222 0.011068 0.000826 0.000575 0.000000 0.016603 0.000736 0.001412 0.347303 0.054509 0.054204 0.000193 0.020430 0.000676 0.000280 0.000000 0.233134 0.000000 0.019415 0.222371 0.000000 0.000103 0.028055 
230 0.013158 0.001068 0.000308 0.000000 0.001425 0.000776 0.000552 0.513419 0.019808 0.000738 0.000400 0.022286 0.000477 0.000274 0.000000 0.321969 0.000121 0.000131 0.116713 0.000000 0.000000 0.000602 
232 0.010703 0.000813 0.000000 0.000000 0.008389 0.006716 0.003338 0.328135 0.046772 0.060093 0.000882 0.037564 0.005910 0.000478 0.000000 0.221674 0.000710 0.021522 0.218736 0.001813 0.000000 0.037268 
233 0.011972 0.000892 0.000004 0.000000 0.004186 0.004948 0.000242 0.388323 0.075563 0.011439 0.000036 0.016731 0.001169 0.000228 0.000000 0.252021 0.000120 0.007454 0.228644 0.000000 0.000000 0.008891 
234 0.013702 0.001316 0.000718 0.000000 0.000539 0.000813 0.000499 0.687595 0.025947 0.000978 0.000737 0.016153 0.001520 0.000314 0.000000 0.249752 0.000359 0.002070 0.011880 0.000000 0.000000 0.000127 
235 0.012292 0.000922 0.000771 0.000000 0.001815 0.000197 0.000895 0.400514 0.056248 0.013491 0.000478 0.026994 0.000572 0.000256 0.000000 0.279849 0.000342 0.001098 0.211608 0.000000 0.000000 0.004873 
237 0.013158 0.001068 0.000308 0.000000 0.001425 0.000776 0.000552 0.513419 0.019808 0.000738 0.000400 0.022286 0.000477 0.000274 0.000000 0.321969 0.000121 0.000131 0.116713 0.000000 0.000000 0.000602 
238 0.013637 0.001246 0.000299 0.000000 0.002286 0.001178 0.000556 0.531632 0.015450 0.000565 0.000796 0.024089 0.000051 0.000304 0.000000 0.401799 0.000025 0.000248 0.019815 0.000000 0.000000 0.000906 
239 0.013614 0.001226 0.000220 0.000000 0.000733 0.001146 0.000088 0.607477 0.002162 0.000156 0.000563 0.027095 0.000031 0.000302 0.000000 0.312423 0.000185 0.000721 0.046446 0.000000 0.000000 0.000252 
240 0.013577 0.001215 0.000100 0.000000 0.000807 0.001245 0.000591 0.510475 0.002574 0.000509 0.000477 0.024511 0.001784 0.000454 0.000000 0.415388 0.000195 0.000696 0.039729 0.000000 0.000000 0.000465 
241 0.012706 0.000972 0.000062 0.000000 0.000528 0.001907 0.000215 0.474128 0.033762 0.000914 0.000629 0.028433 0.000261 0.000307 0.000000 0.266108 0.000284 0.002120 0.189737 0.000000 0.000000 0.000604 
243 0.010313 0.000795 0.001472 0.000000 0.015839 0.006744 0.002622 0.266639 0.059967 0.061932 0.000231 0.065753 0.004558 0.001802 0.000000 0.212475 0.000425 0.031859 0.222996 0.000000 0.000000 0.044684 
244 0.013735 0.001282 0.000309 0.000000 0.001208 0.000301 0.000063 0.570090 0.003141 0.000573 0.001705 0.036081 0.000828 0.000316 0.000000 0.371351 0.000229 0.000094 0.013633 0.000000 0.000000 0.000079 
245 0.012302 0.000923 0.000584 0.000000 0.005216 0.002607 0.000112 0.447239 0.062827 0.012021 0.000202 0.018615 0.000440 0.000356 0.000000 0.229317 0.000242 0.000287 0.216360 0.000000 0.000000 0.003576 
248 0.013847 0.001616 0.000491 0.000000 0.001567 0.001216 0.000672 0.959275 0.011424 0.001461 0.001355 0.005143 0.000931 0.000271 0.000000 0.001307 0.000618 0.003553 0.009639 0.000000 0.000000 0.001078 
250 0.013364 0.001130 0.000164 0.000000 0.000677 0.001731 0.000571 0.524940 0.005285 0.000543 0.000442 0.021844 0.000266 0.000317 0.000000 0.356796 0.000229 0.000591 0.085081 0.000000 0.000000 0.000522 
252 0.011623 0.000865 0.000906 0.000000 0.006475 0.000647 0.000931 0.382539 0.061154 0.029506 0.000440 0.021581 0.001686 0.000487 0.000000 0.235520 0.000000 0.011443 0.230177 0.000000 0.000092 0.016416 
255 0.012988 0.001026 0.000209 0.000000 0.000520 0.001114 0.000449 0.465175 0.013601 0.000145 0.000945 0.022847 0.000811 0.000306 0.000000 0.341984 0.000355 0.000406 0.150872 0.000000 0.000000 0.000260 
256 0.012800 0.000989 0.000162 0.000000 0.000347 0.002098 0.000406 0.484651 0.033360 0.001475 0.000389 0.017887 0.000208 0.000301 0.000000 0.284633 0.000305 0.002637 0.170634 0.000000 0.000000 0.000505 
257 0.011334 0.000844 0.000185 0.000000 0.008246 0.002672 0.000589 0.336424 0.056124 0.033418 0.000169 0.040747 0.004385 0.000178 0.000000 0.245084 0.000277 0.017106 0.230805 0.000000 0.000000 0.023591 
258 0.010061 0.000786 0.000567 0.000000 0.021821 0.008851 0.003143 0.238369 0.041728 0.073592 0.000000 0.054896 0.010728 0.000621 0.000000 0.251827 0.000402 0.036611 0.207155 0.002584 0.000000 0.047103 
261 0.011574 0.000861 0.000525 0.000000 0.010235 0.000421 0.000829 0.368810 0.071179 0.027719 0.000044 0.019328 0.001331 0.000275 0.000000 0.253024 0.000000 0.011519 0.213225 0.000000 0.000083 0.021454 
262 0.013640 0.001246 0.000274 0.000000 0.001953 0.001118 0.000388 0.531792 0.013125 0.000554 0.000815 0.016785 0.000314 0.000271 0.000000 0.409866 0.000066 0.000365 0.021473 0.000000 0.000000 0.000840 
263 0.013271 0.001099 0.000166 0.000000 0.000308 0.001417 0.000337 0.505943 0.005917 0.000485 0.000525 0.020690 0.000425 0.000282 0.000000 0.359342 0.000144 0.000603 0.102931 0.000000 0.000000 0.000485 
264 0.012754 0.000980 0.000250 0.000000 0.000484 0.002121 0.000269 0.460481 0.041525 0.000225 0.000585 0.020484 0.000904 0.000311 0.000000 0.296992 0.000267 0.001552 0.172454 0.000000 0.000000 0.001096 
265 0.011795 0.000876 0.000127 0.000000 0.004000 0.002868 0.000359 0.376340 0.070577 0.021905 0.000209 0.018932 0.001116 0.000268 0.000000 0.249815 0.000178 0.006056 0.233645 0.000000 0.000000 0.013605 
268 0.012141 0.000907 0.000712 0.000000 0.004256 0.002467 0.000318 0.413681 0.059705 0.010154 0.000377 0.023419 0.000063 0.000314 0.000000 0.244410 0.000265 0.003408 0.229796 0.000000 0.000000 0.006654 
269 0.010877 0.000818 0.000358 0.000000 0.015119 0.000894 0.001641 0.314996 0.060281 0.056107 0.000457 0.021833 0.002841 0.000945 0.000000 0.254741 0.000000 0.022710 0.213492 0.000333 0.000000 0.033253 
271 0.012986 0.001026 0.000203 0.000000 0.000922 0.000463 0.000311 0.501187 0.022815 0.000296 0.001379 0.013595 0.000483 0.000361 0.000000 0.309084 0.000255 0.000541 0.147738 0.000000 0.000000 0.000368 
273 0.013713 0.001283 0.000198 0.000000 0.002812 0.002499 0.000243 0.511547 0.007413 0.000593 0.000947 0.026249 0.000658 0.000376 0.000000 0.440050 0.000202 0.000869 0.005121 0.000000 0.000000 0.000225 
275 0.013073 0.001047 0.000387 0.000000 0.000749 0.000551 0.000416 0.471346 0.020464 0.000593 0.000632 0.020801 0.000123 0.000248 0.000000 0.353304 0.000155 0.000288 0.129197 0.000000 0.000000 0.000745 
281 0.011400 0.000848 0.000116 0.000000 0.007319 0.002994 0.000369 0.365119 0.055561 0.032346 0.000292 0.035383 0.002250 0.000131 0.000000 0.234295 0.000042 0.021674 0.219701 0.000000 0.000000 0.022408 
282 0.012003 0.000894 0.000000 0.000000 0.002986 0.003243 0.000255 0.397928 0.066775 0.016933 0.000533 0.024032 0.002107 0.000121 0.000000 0.250826 0.000309 0.004529 0.218541 0.000000 0.000124 0.010760 
283 0.011889 0.000885 0.000185 0.000000 0.005143 0.003176 0.000381 0.384344 0.071101 0.011343 0.000141 0.017414 0.001082 0.000190 0.000000 0.248272 0.000204 0.007562 0.238267 0.000000 0.000000 0.011195 
284 0.011889 0.000885 0.000185 0.000000 0.005143 0.003176 0.000381 0.384344 0.071101 0.011343 0.000141 0.017414 0.001082 0.000190 0.000000 0.248272 0.000204 0.007562 0.238267 0.000000 0.000000 0.011195 
285 0.012809 0.000990 0.000365 0.000000 0.000747 0.001485 0.000423 0.437879 0.035225 0.000178 0.001307 0.026462 0.000312 0.000119 0.000000 0.326280 0.000111 0.000475 0.168192 0.000000 0.000000 0.000440 
286 0.011919 0.000888 0.000478 0.000000 0.004965 0.001588 0.000034 0.378784 0.072660 0.012258 0.000131 0.027941 0.000583 0.000350 0.000000 0.257332 0.000201 0.006818 0.222651 0.000000 0.000000 0.013227 
289 0.012208 0.000911 0.000000 0.000000 0.002757 0.001253 0.000270 0.399509 0.063785 0.010709 0.000337 0.021077 0.000734 0.000051 0.000000 0.271593 0.000241 0.000819 0.219362 0.000000 0.000186 0.007318 
292 0.012461 0.000939 0.000463 0.000000 0.001144 0.002090 0.000652 0.404463 0.050333 0.000229 0.000416 0.028767 0.001675 0.000120 0.000000 0.292071 0.000385 0.002616 0.212844 0.000000 0.000000 0.001731 
296 0.010061 0.000786 0.000567 0.000000 0.021821 0.008851 0.003143 0.238369 0.041728 0.073592 0.000000 0.054896 0.010728 0.000621 0.000000 0.251827 0.000402 0.036611 0.207155 0.002584 0.000000 0.047103 
297 0.009002 0.000766 0.001206 0.000000 0.027924 0.007531 0.002499 0.206223 0.029260 0.095636 0.001834 0.056535 0.010795 0.000702 0.000000 0.202813 0.000000 0.034421 0.236959 0.001301 0.000000 0.084361 
298 0.010021 0.000784 0.001172 0.000000 0.004852 0.009344 0.001202 0.273494 0.054380 0.047982 0.000000 0.048030 0.006111 0.001051 0.000000 0.216299 0.000339 0.051072 0.231284 0.000783 0.000000 0.052605 
304 0.012336 0.000926 0.000477 0.000000 0.000318 0.002572 0.000573 0.415429 0.059635 0.007400 0.000426 0.031123 0.002003 0.000371 0.000000 0.256769 0.000601 0.001005 0.218438 0.000000 0.000000 0.002859 
305 0.009819 0.000778 0.003642 0.000000 0.020983 0.009176 0.002712 0.241488 0.037421 0.084131 0.001516 0.067561 0.009788 0.000397 0.000000 0.211110 0.000000 0.038877 0.218332 0.000908 0.000000 0.051958 
306 0.013322 0.001112 0.000165 0.000000 0.000364 0.001174 0.000180 0.524994 0.004648 0.000376 0.000046 0.018486 0.000631 0.000175 0.000000 0.350547 0.000155 0.000717 0.096810 0.000000 0.000000 0.000532 
307 0.013155 0.001067 0.000085 0.000000 0.000690 0.001575 0.000626 0.489380 0.018242 0.000366 0.000304 0.025009 0.000724 0.000279 0.000000 0.345835 0.000163 0.000527 0.115507 0.000000 0.000000 0.000690 
308 0.012968 0.001023 0.000064 0.000000 0.000143 0.002136 0.000423 0.490034 0.027911 0.000425 0.000462 0.024175 0.001236 0.000311 0.000000 0.307047 0.000259 0.000553 0.143645 0.000000 0.000000 0.001176 
309 0.013606 0.001229 0.000187 0.000000 0.000734 0.001043 0.000132 0.600698 0.004461 0.000305 0.001381 0.031585 0.000629 0.000207 0.000000 0.314601 0.000164 0.000715 0.042999 0.000000 0.000000 0.000160 
310 0.011068 0.000826 0.000575 0.000000 0.016603 0.000736 0.001412 0.347303 0.054509 0.054204 0.000193 0.020430 0.000676 0.000280 0.000000 0.233134 0.000000 0.019415 0.222371 0.000000 0.000103 0.028055 
312 0.012375 0.000930 0.000589 0.000000 0.000861 0.001976 0.000755 0.404474 0.060741 0.013584 0.000372 0.026294 0.000660 0.000294 0.000000 0.283554 0.000258 0.001000 0.202013 0.000000 0.000000 0.002576 
313 0.010759 0.000812 0.000378 0.000000 0.015173 0.002344 0.000861 0.323659 0.053227 0.050541 0.000368 0.030441 0.003760 0.000851 0.000000 0.236830 0.000000 0.027367 0.216810 0.001246 0.000000 0.036142 
314 0.012943 0.001018 0.000653 0.000000 0.000225 0.000693 0.000553 0.494973 0.025403 0.000618 0.000313 0.020931 0.001129 0.000594 0.000000 0.300285 0.000255 0.000859 0.151992 0.000000 0.000000 0.000525 
316 0.011479 0.000854 0.000465 0.000000 0.009064 0.000124 0.000805 0.360822 0.070650 0.038254 0.000112 0.020844 0.001364 0.000353 0.000000 0.254540 0.000000 0.009988 0.208683 0.000000 0.000105 0.023828 
321 0.012880 0.001004 0.000043 0.000000 0.000852 0.001622 0.000214 0.491219 0.027435 0.000100 0.001365 0.032231 0.000840 0.000262 0.000000 0.278571 0.000224 0.000760 0.164190 0.000000 0.000073 0.000000 
322 0.013211 0.001081 0.000131 0.000000 0.000567 0.001451 0.000333 0.499804 0.007465 0.000400 0.000453 0.023098 0.000100 0.000275 0.000000 0.351276 0.000157 0.000556 0.113290 0.000000 0.000000 0.000642 
323 0.013088 0.001050 0.000033 0.000000 0.000589 0.001526 0.000352 0.480500 0.017278 0.000178 0.000875 0.029807 0.001168 0.000280 0.000000 0.337473 0.000214 0.000820 0.128865 0.000000 0.000041 0.000000 
324 0.012682 0.000968 0.000194 0.000000 0.001358 0.001557 0.000019 0.475565 0.040879 0.000176 0.001344 0.027511 0.000022 0.000243 0.000000 0.255814 0.000147 0.000778 0.194107 0.000000 0.000000 0.000286 
326 0.012141 0.000907 0.000712 0.000000 0.004256 0.002467 0.000318 0.413681 0.059705 0.010154 0.000377 0.023419 0.000063 0.000314 0.000000 0.244410 0.000265 0.003408 0.229796 0.000000 0.000000 0.006654 
328 0.010703 0.000813 0.000000 0.000000 0.008389 0.006716 0.003338 0.328135 0.046772 0.060093 0.000882 0.037564 0.005910 0.000478 0.000000 0.221674 0.000710 0.021522 0.218736 0.001813 0.000000 0.037268 
335 0.010877 0.000818 0.000358 0.000000 0.015119 0.000894 0.001641 0.314996 0.060281 0.056107 0.000457 0.021833 0.002841 0.000945 0.000000 0.254741 0.000000 0.022710 0.213492 0.000333 0.000000 0.033253 
338 0.009143 0.000765 0.001008 0.000000 0.025786 0.010004 0.003302 0.210869 0.035596 0.122659 0.001177 0.070167 0.010790 0.000533 0.000000 0.183983 0.000000 0.027515 0.222340 0.002057 0.000000 0.072214 
339 0.013373 0.001133 0.000067 0.000000 0.000592 0.001007 0.000492 0.535671 0.002955 0.000770 0.000497 0.021334 0.000529 0.000329 0.000000 0.348849 0.000230 0.000525 0.085377 0.000000 0.000000 0.000774 
341 0.011169 0.000835 0.000224 0.000000 0.009428 0.002403 0.000583 0.314719 0.060463 0.031612 0.000030 0.043218 0.002738 0.000238 0.000000 0.250969 0.000317 0.024435 0.232465 0.000000 0.000000 0.026158 
344 0.012515 0.000945 0.000000 0.000000 0.000959 0.002331 0.000130 0.436220 0.043231 0.007212 0.000777 0.032036 0.001293 0.000224 0.000000 0.268829 0.000175 0.002823 0.203195 0.000000 0.000097 0.000467 
345 0.012490 0.000942 0.000345 0.000000 0.001315 0.002037 0.000641 0.431694 0.044841 0.000285 0.000177 0.022522 0.002568 0.000268 0.000000 0.272232 0.000292 0.002019 0.217614 0.000000 0.000000 0.001150 
346 0.013212 0.001083 0.000000 0.000000 0.000967 0.001490 0.000601 0.541226 0.006359 0.000464 0.000139 0.013866 0.001061 0.000237 0.000000 0.315312 0.000078 0.000854 0.116404 0.000000 0.000032 0.000910 
347 0.012922 0.001013 0.000113 0.000000 0.000659 0.002127 0.000616 0.476347 0.037522 0.000228 0.000700 0.024482 0.000204 0.000361 0.000000 0.308445 0.000261 0.000935 0.146377 0.000000 0.000000 0.000623 
349 0.012330 0.000926 0.000395 0.000000 0.001279 0.001392 0.000423 0.391214 0.060210 0.003949 0.000722 0.031655 0.001307 0.000067 0.000000 0.285824 0.000385 0.002649 0.214150 0.000000 0.000000 0.004380 
354 0.012377 0.000930 0.000102 0.000000 0.001862 0.003132 0.000478 0.441830 0.061752 0.002237 0.000000 0.021925 0.000886 0.000080 0.000000 0.250264 0.000257 0.004147 0.205881 0.000000 0.000063 0.005106 
357 0.013760 0.001296 0.000136 0.000000 0.000367 0.001749 0.000678 0.561182 0.011196 0.001461 0.000022 0.012534 0.000965 0.000368 0.000000 0.406037 0.000202 0.001105 0.001464 0.000000 0.000000 0.000535 
360 0.011116 0.000832 0.000116 0.000000 0.010958 0.005937 0.001216 0.344566 0.050867 0.044195 0.000338 0.022461 0.004183 0.000607 0.000000 0.250270 0.000115 0.020928 0.212368 0.000000 0.000000 0.030875 
364 0.011249 0.000839 0.000701 0.000000 0.010993 0.001109 0.001199 0.354314 0.059401 0.045348 0.000291 0.021019 0.001441 0.000376 0.000000 0.247711 0.000000 0.015832 0.212303 0.000000 0.000111 0.027849 
366 0.010379 0.000797 0.000606 0.000000 0.015298 0.007467 0.003319 0.278986 0.038483 0.069711 0.000000 0.048844 0.010039 0.000416 0.000000 0.240493 0.000444 0.034910 0.209493 0.001833 0.000000 0.039657 
368 0.012456 0.000937 0.000469 0.000000 0.002395 0.001820 0.000687 0.412929 0.054505 0.004930 0.000425 0.031531 0.000765 0.000196 0.000000 0.274175 0.000276 0.000583 0.213648 0.000000 0.000000 0.000666 
369 0.013021 0.001034 0.000000 0.000000 0.000878 0.001659 0.000409 0.463497 0.021311 0.000158 0.000917 0.034762 0.000780 0.000244 0.000000 0.337264 0.000228 0.000795 0.136777 0.000000 0.000042 0.000278 
370 0.013446 0.001161 0.000067 0.000000 0.000770 0.001352 0.000602 0.558588 0.004758 0.000841 0.000551 0.023169 0.000307 0.000189 0.000000 0.336146 0.000229 0.000516 0.071085 0.000000 0.000000 0.000831 
371 0.013419 0.001149 0.000055 0.000000 0.000532 0.000863 0.000399 0.574520 0.000733 0.000643 0.000360 0.017764 0.000550 0.000333 0.000000 0.318473 0.000212 0.000473 0.083458 0.000000 0.000000 0.000632 
372 0.013640 0.001246 0.000274 0.000000 0.001953 0.001118 0.000388 0.531792 0.013125 0.000554 0.000815 0.016785 0.000314 0.000271 0.000000 0.409866 0.000066 0.000365 0.021473 0.000000 0.000000 0.000840 
373 0.010379 0.000797 0.000606 0.000000 0.015298 0.007467 0.003319 0.278986 0.038483 0.069711 0.000000 0.048844 0.010039 0.000416 0.000000 0.240493 0.000444 0.034910 0.209493 0.001833 0.000000 0.039657 
377 0.012336 0.000926 0.000477 0.000000 0.000318 0.002572 0.000573 0.415429 0.059635 0.007400 0.000426 0.031123 0.002003 0.000371 0.000000 0.256769 0.000601 0.001005 0.218438 0.000000 0.000000 0.002859 
378 0.012880 0.001004 0.000043 0.000000 0.000852 0.001622 0.000214 0.491219 0.027435 0.000100 0.001365 0.032231 0.000840 0.000262 0.000000 0.278571 0.000224 0.000760 0.164190 0.000000 0.000073 0.000000 
379 0.013688 0.001292 0.000471 0.000000 0.000438 0.000894 0.000476 0.676167 0.020788 0.000786 0.000507 0.014564 0.001341 0.000180 0.000000 0.259922 0.000315 0.001550 0.021472 0.000000 0.000000 0.000129 
380 0.012880 0.001004 0.000043 0.000000 0.000852 0.001622 0.000214 0.491219 0.027435 0.000100 0.001365 0.032231 0.000840 0.000262 0.000000 0.278571 0.000224 0.000760 0.164190 0.000000 0.000073 0.000000 
383 0.013746 0.001479 0.000473 0.000000 0.001480 0.000954 0.000731 0.869345 0.017567 0.002589 0.001332 0.009320 0.001259 0.000291 0.000000 0.073667 0.000676 0.002069 0.016842 0.000000 0.000000 0.001405 
384 0.009599 0.000774 0.001429 0.000000 0.035268 0.017035 0.002296 0.200859 0.042820 0.101035 0.001347 0.067040 0.007212 0.000427 0.000000 0.203604 0.000000 0.027405 0.237310 0.000609 0.000000 0.054304 
385 0.013210 0.001084 0.000127 0.000000 0.000688 0.000982 0.000685 0.536930 0.007234 0.001440 0.000046 0.022386 0.000428 0.000261 0.000000 0.312193 0.000307 0.000730 0.114599 0.000000 0.000000 0.000962 
386 0.011479 0.000854 0.000465 0.000000 0.009064 0.000124 0.000805 0.360822 0.070650 0.038254 0.000112 0.020844 0.001364 0.000353 0.000000 0.254540 0.000000 0.009988 0.208683 0.000000 0.000105 0.023828 
389 0.011796 0.000877 0.000155 0.000000 0.005633 0.003329 0.000352 0.380553 0.072756 0.022051 0.000164 0.020079 0.000549 0.000230 0.000000 0.244661 0.000121 0.012979 0.226042 0.000000 0.000000 0.010347 
390 0.013465 0.001168 0.000128 0.000000 0.000563 0.001409 0.000715 0.540413 0.008333 0.000347 0.000219 0.026721 0.001125 0.000368 0.000000 0.354822 0.000201 0.000714 0.063323 0.000000 0.000000 0.000599 
391 0.013640 0.001246 0.000274 0.000000 0.001953 0.001118 0.000388 0.531792 0.013125 0.000554 0.000815 0.016785 0.000314 0.000271 0.000000 0.409866 0.000066 0.000365 0.021473 0.000000 0.000000 0.000840 
392 0.012490 0.000942 0.000345 0.000000 0.001315 0.002037 0.000641 0.431694 0.044841 0.000285 0.000177 0.022522 0.002568 0.000268 0.000000 0.272232 0.000292 0.002019 0.217614 0.000000 0.000000 0.001150 
393 0.009819 0.000778 0.003642 0.000000 0.020983 0.009176 0.002712 0.241488 0.037421 0.084131 0.001516 0.067561 0.009788 0.000397 0.000000 0.211110 0.000000 0.038877 0.218332 0.000908 0.000000 0.051958 
394 0.010418 0.000799 0.001164 0.000000 0.003543 0.007992 0.001061 0.321620 0.058770 0.052543 0.000000 0.035300 0.006223 0.001264 0.000000 0.199060 0.000285 0.039636 0.230082 0.000666 0.000000 0.040793 
395 0.012779 0.000982 0.000053 0.000000 0.000175 0.001383 0.000160 0.454994 0.033573 0.000688 0.000252 0.028075 0.000680 0.000319 0.000000 0.301099 0.000255 0.001692 0.175956 0.000000 0.000000 0.000644 
399 0.011479 0.000854 0.000465 0.000000 0.009064 0.000124 0.000805 0.360822 0.070650 0.038254 0.000112 0.020844 0.001364 0.000353 0.000000 0.254540 0.000000 0.009988 0.208683 0.000000 0.000105 0.023828 
405 0.010356 0.000797 0.000405 0.000000 0.012493 0.010482 0.002990 0.262795 0.039388 0.068740 0.000000 0.055307 0.010300 0.000477 0.000000 0.255014 0.000346 0.033397 0.203251 0.002009 0.000000 0.042607 
406 0.013503 0.001185 0.000134 0.000000 0.000785 0.001773 0.000672 0.502237 0.004421 0.000368 0.000151 0.024726 0.001194 0.000405 0.000000 0.408408 0.000219 0.000842 0.053065 0.000000 0.000000 0.000600 
407 0.013503 0.001185 0.000134 0.000000 0.000785 0.001773 0.000672 0.502237 0.004421 0.000368 0.000151 0.024726 0.001194 0.000405 0.000000 0.408408 0.000219 0.000842 0.053065 0.000000 0.000000 0.000600 
408 0.010886 0.000818 0.000963 0.000000 0.009985 0.001284 0.001692 0.321406 0.059921 0.051824 0.000162 0.042724 0.002994 0.000336 0.000000 0.228440 0.000000 0.033379 0.216822 0.000811 0.000000 0.027255 
412 0.012183 0.000911 0.000194 0.000000 0.002498 0.004533 0.000446 0.411114 0.078018 0.003990 0.000000 0.022119 0.000986 0.000131 0.000000 0.247656 0.000230 0.004767 0.216550 0.000000 0.000097 0.006670 
413 0.013002 0.001026 0.000288 0.000000 0.001075 0.001069 0.000541 0.490901 0.014345 0.000863 0.000123 0.021784 0.000511 0.000281 0.000000 0.316222 0.000122 0.000114 0.151190 0.000000 0.000000 0.000572 
416 0.012635 0.000960 0.000047 0.000000 0.000055 0.002668 0.000188 0.454999 0.041817 0.000211 0.000741 0.032642 0.001152 0.000303 0.000000 0.266098 0.000176 0.001832 0.196267 0.000000 0.000000 0.000803 
417 0.009774 0.000775 0.002797 0.000000 0.018339 0.007140 0.001393 0.243442 0.034263 0.095198 0.000947 0.056291 0.009735 0.000472 0.000000 0.218328 0.000000 0.036483 0.220133 0.000699 0.000000 0.054340 
422 0.010670 0.000808 0.000000 0.000000 0.008015 0.006207 0.001988 0.327964 0.044508 0.065288 0.000797 0.036278 0.005723 0.000304 0.000000 0.223632 0.000492 0.026719 0.213266 0.000958 0.000000 0.037860 
423 0.013752 0.001370 0.000730 0.000000 0.001594 0.000836 0.000709 0.737510 0.015098 0.001900 0.001553 0.014653 0.000530 0.000342 0.000000 0.215082 0.000745 0.001796 0.005923 0.000000 0.000000 0.000998 
424 0.013503 0.001185 0.000134 0.000000 0.000785 0.001773 0.000672 0.502237 0.004421 0.000368 0.000151 0.024726 0.001194 0.000405 0.000000 0.408408 0.000219 0.000842 0.053065 0.000000 0.000000 0.000600 
425 0.013030 0.001035 0.000000 0.000000 0.000847 0.001559 0.000348 0.474598 0.018695 0.000096 0.000797 0.032126 0.000830 0.000272 0.000000 0.329576 0.000226 0.000770 0.139014 0.000000 0.000049 0.000197 
429 0.008972 0.000763 0.001189 0.000000 0.027695 0.006956 0.003016 0.202153 0.025387 0.131156 0.001588 0.064840 0.014195 0.000634 0.000000 0.198021 0.000000 0.037749 0.207928 0.001050 0.000000 0.076444 
432 0.013735 0.001383 0.000751 0.000000 0.001620 0.000833 0.000684 0.765672 0.012796 0.002328 0.001495 0.013815 0.000491 0.000372 0.000000 0.183902 0.000713 0.002461 0.010956 0.000000 0.000000 0.001113 
435 0.012580 0.000954 0.000274 0.000000 0.001441 0.003137 0.000462 0.428128 0.045626 0.001427 0.000300 0.031415 0.001804 0.000246 0.000000 0.286693 0.000405 0.002529 0.195417 0.000000 0.000000 0.000696 
437 0.009939 0.000782 0.003127 0.000000 0.026582 0.008448 0.001652 0.253433 0.037643 0.075951 0.001646 0.064768 0.010887 0.000294 0.000000 0.211326 0.000000 0.033799 0.216855 0.000688 0.000000 0.052902 
438 0.013764 0.001396 0.000555 0.000000 0.001732 0.000662 0.000351 0.799857 0.007199 0.001046 0.001039 0.010920 0.000383 0.000339 0.000000 0.150113 0.000553 0.001353 0.023336 0.000000 0.000000 0.000563 
439 0.012922 0.001013 0.000113 0.000000 0.000659 0.002127 0.000616 0.476347 0.037522 0.000228 0.000700 0.024482 0.000204 0.000361 0.000000 0.308445 0.000261 0.000935 0.146377 0.000000 0.000000 0.000623 
444 0.011366 0.000845 0.000566 0.000000 0.007718 0.001145 0.000327 0.343276 0.071592 0.045164 0.000090 0.032128 0.001815 0.000371 0.000000 0.249218 0.000000 0.013412 0.209928 0.000000 0.000101 0.023149 
445 0.009370 0.000771 0.001875 0.000000 0.035422 0.016529 0.002346 0.233091 0.017318 0.098403 0.001510 0.055579 0.010588 0.000449 0.000000 0.192160 0.000000 0.029796 0.235678 0.000670 0.000000 0.068587 
446 0.010646 0.000810 0.001232 0.000000 0.005410 0.004763 0.001675 0.317818 0.060999 0.047748 0.000000 0.037513 0.004642 0.000980 0.000000 0.206193 0.000286 0.033062 0.243205 0.000406 0.000000 0.034069 
450 0.011329 0.000844 0.000426 0.000000 0.010496 0.001707 0.001223 0.346718 0.056965 0.037349 0.000214 0.024057 0.001341 0.000269 0.000000 0.260630 0.000000 0.016379 0.215314 0.000000 0.000090 0.026823 
451 0.011174 0.000834 0.000401 0.000000 0.010097 0.002243 0.000578 0.364342 0.057769 0.037939 0.000274 0.034367 0.003862 0.000181 0.000000 0.215378 0.000186 0.025570 0.220215 0.000000 0.000000 0.026598 
453 0.010418 0.000799 0.001164 0.000000 0.003543 0.007992 0.001061 0.321620 0.058770 0.052543 0.000000 0.035300 0.006223 0.001264 0.000000 0.199060 0.000285 0.039636 0.230082 0.000666 0.000000 0.040793 
455 0.012733 0.000975 0.000302 0.000000 0.000764 0.001527 0.000224 0.459726 0.031958 0.000072 0.001356 0.027006 0.000039 0.000201 0.000000 0.287055 0.000162 0.000638 0.188637 0.000000 0.000000 0.000334 
458 0.011253 0.000840 0.000894 0.000000 0.013595 0.002013 0.001272 0.345177 0.057861 0.037765 0.000158 0.021299 0.001265 0.000286 0.000000 0.255599 0.000000 0.017510 0.217606 0.000000 0.000113 0.027589 
459 0.013158 0.001068 0.000308 0.000000 0.001425 0.000776 0.000552 0.513419 0.019808 0.000738 0.000400 0.022286 0.000477 0.000274 0.000000 0.321969 0.000121 0.000131 0.116713 0.000000 0.000000 0.000602 
461 0.012733 0.000975 0.000302 0.000000 0.000764 0.001527 0.000224 0.459726 0.031958 0.000072 0.001356 0.027006 0.000039 0.000201 0.000000 0.287055 0.000162 0.000638 0.188637 0.000000 0.000000 0.000334 
465 0.011804 0.000877 0.000094 0.000000 0.005233 0.003099 0.000350 0.389470 0.062981 0.019426 0.000132 0.019227 0.000531 0.000114 0.000000 0.241638 0.000217 0.010804 0.234084 0.000000 0.000000 0.012601 
467 0.012544 0.000948 0.000054 0.000000 0.000962 0.001881 0.000584 0.438063 0.041252 0.000341 0.000175 0.030509 0.001559 0.000255 0.000000 0.271622 0.000484 0.001898 0.208395 0.000000 0.000000 0.001967 
478 0.011169 0.000835 0.000224 0.000000 0.009428 0.002403 0.000583 0.314719 0.060463 0.031612 0.000030 0.043218 0.002738 0.000238 0.000000 0.250969 0.000317 0.024435 0.232465 0.000000 0.000000 0.026158 
482 0.013579 0.001216 0.000268 0.000000 0.000652 0.000440 0.000166 0.510257 0.004988 0.000389 0.000828 0.024067 0.000557 0.000169 0.000000 0.416913 0.000300 0.001367 0.038270 0.000000 0.000000 0.000368 
483 0.013840 0.001606 0.000645 0.000000 0.001621 0.001770 0.000764 0.942357 0.012225 0.002746 0.001581 0.014772 0.000830 0.000508 0.000000 0.008470 0.000941 0.002163 0.008013 0.000000 0.000000 0.000592 
485 0.011089 0.000828 0.000379 0.000000 0.016019 0.000000 0.001084 0.358466 0.048021 0.049722 0.000192 0.022434 0.000798 0.000294 0.000000 0.230277 0.000000 0.021633 0.221255 0.000203 0.000074 0.029150 
486 0.010418 0.000799 0.001164 0.000000 0.003543 0.007992 0.001061 0.321620 0.058770 0.052543 0.000000 0.035300 0.006223 0.001264 0.000000 0.199060 0.000285 0.039636 0.230082 0.000666 0.000000 0.040793 
487 0.010995 0.000824 0.000347 0.000000 0.014483 0.004784 0.000648 0.309867 0.066737 0.040885 0.000202 0.041722 0.004427 0.000370 0.000000 0.245479 0.000000 0.022890 0.215944 0.000538 0.000000 0.030680 
492 0.012880 0.001004 0.000043 0.000000 0.000852 0.001622 0.000214 0.491219 0.027435 0.000100 0.001365 0.032231 0.000840 0.000262 0.000000 0.278571 0.000224 0.000760 0.164190 0.000000 0.000073 0.000000 
494 0.013111 0.001055 0.000263 0.000000 0.001828 0.000671 0.000478 0.492983 0.021552 0.000511 0.000055 0.022796 0.000428 0.000333 0.000000 0.334417 0.000139 0.000544 0.122166 0.000000 0.000000 0.000836 
495 0.011799 0.000879 0.000194 0.000000 0.005690 0.001898 0.000447 0.365532 0.053543 0.013792 0.000272 0.050168 0.001460 0.000094 0.000000 0.254149 0.000285 0.010390 0.224207 0.000000 0.000000 0.017879 
497 0.013847 0.001616 0.000491 0.000000 0.001567 0.001216 0.000672 0.959275 0.011424 0.001461 0.001355 0.005143 0.000931 0.000271 0.000000 0.001307 0.000618 0.003553 0.009639 0.000000 0.000000 0.001078 
498 0.012485 0.000941 0.000528 0.000000 0.002291 0.002151 0.000633 0.416749 0.049888 0.003879 0.000175 0.027641 0.000791 0.000258 0.000000 0.286070 0.000280 0.001241 0.205298 0.000000 0.000000 0.002127 
501 0.013280 0.001105 0.000360 0.000000 0.001483 0.000928 0.000456 0.505791 0.013270 0.001047 0.000501 0.022755 0.000461 0.000236 0.000000 0.357557 0.000160 0.000131 0.094247 0.000000 0.000000 0.000615 
502 0.012336 0.000926 0.000477 0.000000 0.000318 0.002572 0.000573 0.415429 0.059635 0.007400 0.000426 0.031123 0.002003 0.000371 0.000000 0.256769 0.000601 0.001005 0.218438 0.000000 0.000000 0.002859 
505 0.013072 0.001046 0.000310 0.000000 0.001781 0.000838 0.000473 0.472792 0.011902 0.000460 0.000702 0.026565 0.000087 0.000270 0.000000 0.348444 0.000176 0.000054 0.134362 0.000000 0.000000 0.000785 
506 0.013358 0.001129 0.000002 0.000000 0.000655 0.001552 0.000548 0.531973 0.002448 0.000366 0.000485 0.021355 0.000732 0.000332 0.000000 0.350232 0.000196 0.001130 0.087322 0.000000 0.000000 0.000672 
510 0.013395 0.001142 0.000172 0.000000 0.000695 0.001727 0.000637 0.543521 0.004889 0.000546 0.000547 0.022160 0.000382 0.000336 0.000000 0.343050 0.000189 0.000629 0.079948 0.000000 0.000000 0.000573 
511 0.010426 0.000798 0.000894 0.000000 0.003726 0.006717 0.001053 0.300784 0.058354 0.055029 0.000304 0.047672 0.006734 0.000749 0.000000 0.214719 0.000000 0.050157 0.216282 0.000688 0.000000 0.036138 
513 0.010011 0.000784 0.002802 0.000000 0.021939 0.007190 0.002070 0.259359 0.048472 0.071708 0.001870 0.064057 0.009938 0.000166 0.000000 0.208670 0.000000 0.031986 0.216150 0.000636 0.000000 0.052988 
514 0.011804 0.000877 0.000094 0.000000 0.005233 0.003099 0.000350 0.389470 0.062981 0.019426 0.000132 0.019227 0.000531 0.000114 0.000000 0.241638 0.000217 0.010804 0.234084 0.000000 0.000000 0.012601 
515 0.013150 0.001067 0.000108 0.000000 0.000693 0.001271 0.000668 0.512296 0.008195 0.000962 0.000419 0.022348 0.000416 0.000266 0.000000 0.326639 0.000289 0.000762 0.123896 0.000000 0.000000 0.000769 
516 0.011919 0.000888 0.000478 0.000000 0.004965 0.001588 0.000034 0.378784 0.072660 0.012258 0.000131 0.027941 0.000583 0.000350 0.000000 0.257332 0.000201 0.006818 0.222651 0.000000 0.000000 0.013227 
517 0.013069 0.001044 0.000000 0.000000 0.000856 0.001300 0.000383 0.487902 0.017835 0.000601 0.000434 0.032596 0.000847 0.000274 0.000000 0.322943 0.000251 0.000755 0.132582 0.000000 0.000028 0.000412 
518 0.012635 0.000960 0.000047 0.000000 0.000055 0.002668 0.000188 0.454999 0.041817 0.000211 0.000741 0.032642 0.001152 0.000303 0.000000 0.266098 0.000176 0.001832 0.196267 0.000000 0.000000 0.000803 
519 0.013513 0.001188 0.000101 0.000000 0.000870 0.001830 0.000490 0.509816 0.007219 0.000387 0.000130 0.028271 0.001224 0.000445 0.000000 0.397370 0.000235 0.000856 0.050317 0.000000 0.000000 0.000440 
520 0.009819 0.000778 0.003642 0.000000 0.020983 0.009176 0.002712 0.241488 0.037421 0.084131 0.001516 0.067561 0.009788 0.000397 0.000000 0.211110 0.000000 0.038877 0.218332 0.000908 0.000000 0.051958 
521 0.012495 0.000943 0.000459 0.000000 0.002195 0.002246 0.000820 0.422685 0.049627 0.003540 0.000377 0.027874 0.001022 0.000336 0.000000 0.281242 0.000188 0.001222 0.204048 0.000000 0.000000 0.002120 
522 0.010542 0.000804 0.000894 0.000000 0.003027 0.006472 0.001172 0.309868 0.055877 0.046112 0.000000 0.042473 0.004249 0.000874 0.000000 0.211306 0.000290 0.040579 0.239461 0.000486 0.000000 0.036861 
524 0.013621 0.001239 0.000194 0.000000 0.000698 0.000730 0.000105 0.638453 0.002223 0.000243 0.000922 0.027452 0.000674 0.000234 0.000000 0.279657 0.000160 0.000755 0.047330 0.000000 0.000000 0.000169 
526 0.013070 0.001046 0.000176 0.000000 0.000727 0.000805 0.000020 0.485271 0.017633 0.000241 0.001214 0.025068 0.000798 0.000280 0.000000 0.334305 0.000325 0.000641 0.132255 0.000000 0.000000 0.000241 
528 0.011889 0.000885 0.000185 0.000000 0.005143 0.003176 0.000381 0.384344 0.071101 0.011343 0.000141 0.017414 0.001082 0.000190 0.000000 0.248272 0.000204 0.007562 0.238267 0.000000 0.000000 0.011195 
530 0.011588 0.000862 0.000378 0.000000 0.004601 0.003280 0.000816 0.368927 0.072316 0.033654 0.000729 0.020885 0.001003 0.000386 0.000000 0.246619 0.000182 0.007461 0.219025 0.000000 0.000000 0.019739 
533 0.013735 0.001383 0.000751 0.000000 0.001620 0.000833 0.000684 0.765672 0.012796 0.002328 0.001495 0.013815 0.000491 0.000372 0.000000 0.183902 0.000713 0.002461 0.010956 0.000000 0.000000 0.001113 
534 0.010418 0.000799 0.001164 0.000000 0.003543 0.007992 0.001061 0.321620 0.058770 0.052543 0.000000 0.035300 0.006223 0.001264 0.000000 0.199060 0.000285 0.039636 0.230082 0.000666 0.000000 0.040793 
535 0.012719 0.000974 0.000130 0.000000 0.000130 0.003448 0.000370 0.458319 0.043453 0.000104 0.000787 0.031853 0.001374 0.000025 0.000000 0.279841 0.000197 0.001683 0.177391 0.000000 0.000000 0.000893 
537 0.012719 0.000974 0.000130 0.000000 0.000130 0.003448 0.000370 0.458319 0.043453 0.000104 0.000787 0.031853 0.001374 0.000025 0.000000 0.279841 0.000197 0.001683 0.177391 0.000000 0.000000 0.000893 
541 0.009728 0.000775 0.002531 0.000000 0.024609 0.007074 0.001956 0.248339 0.057538 0.066559 0.001531 0.062512 0.009875 0.000000 0.000000 0.204668 0.000137 0.045808 0.205494 0.000459 0.000000 0.060910 
542 0.011889 0.000885 0.000185 0.000000 0.005143 0.003176 0.000381 0.384344 0.071101 0.011343 0.000141 0.017414 0.001082 0.000190 0.000000 0.248272 0.000204 0.007562 0.238267 0.000000 0.000000 0.011195 
545 0.013640 0.001246 0.000274 0.000000 0.001953 0.001118 0.000388 0.531792 0.013125 0.000554 0.000815 0.016785 0.000314 0.000271 0.000000 0.409866 0.000066 0.000365 0.021473 0.000000 0.000000 0.000840 
547 0.009002 0.000766 0.001206 0.000000 0.027924 0.007531 0.002499 0.206223 0.029260 0.095636 0.001834 0.056535 0.010795 0.000702 0.000000 0.202813 0.000000 0.034421 0.236959 0.001301 0.000000 0.084361 
548 0.012809 0.000990 0.000365 0.000000 0.000747 0.001485 0.000423 0.437879 0.035225 0.000178 0.001307 0.026462 0.000312 0.000119 0.000000 0.326280 0.000111 0.000475 0.168192 0.000000 0.000000 0.000440 
549 0.013581 0.001218 0.000125 0.000000 0.000825 0.001636 0.000563 0.489522 0.002459 0.000412 0.000108 0.023650 0.001104 0.000513 0.000000 0.439654 0.000216 0.000648 0.038028 0.000000 0.000000 0.000538 
557 0.013621 0.001239 0.000194 0.000000 0.000698 0.000730 0.000105 0.638453 0.002223 0.000243 0.000922 0.027452 0.000674 0.000234 0.000000 0.279657 0.000160 0.000755 0.047330 0.000000 0.000000 0.000169 
558 0.011464 0.000853 0.000462 0.000000 0.007425 0.000213 0.000665 0.363731 0.070499 0.045757 0.000057 0.020914 0.001591 0.000348 0.000000 0.251690 0.000000 0.009615 0.203457 0.000000 0.000090 0.023486 
559 0.013847 0.001616 0.000491 0.000000 0.001567 0.001216 0.000672 0.959275 0.011424 0.001461 0.001355 0.005143 0.000931 0.000271 0.000000 0.001307 0.000618 0.003553 0.009639 0.000000 0.000000 0.001078 
561 0.011479 0.000854 0.000465 0.000000 0.009064 0.000124 0.000805 0.360822 0.070650 0.038254 0.000112 0.020844 0.001364 0.000353 0.000000 0.254540 0.000000 0.009988 0.208683 0.000000 0.000105 0.023828 
562 0.013503 0.001185 0.000134 0.000000 0.000785 0.001773 0.000672 0.502237 0.004421 0.000368 0.000151 0.024726 0.001194 0.000405 0.000000 0.408408 0.000219 0.000842 0.053065 0.000000 0.000000 0.000600 
565 0.010141 0.000789 0.001568 0.000000 0.003837 0.006479 0.000848 0.313512 0.054951 0.048920 0.000000 0.039625 0.006556 0.000967 0.000000 0.201563 0.000294 0.037113 0.224200 0.000660 0.000000 0.058905 
566 0.010615 0.000808 0.000848 0.000000 0.003833 0.006941 0.000995 0.324373 0.058857 0.053231 0.000000 0.039690 0.006592 0.001190 0.000000 0.201742 0.000284 0.040446 0.228987 0.000671 0.000000 0.031320 
568 0.010703 0.000813 0.000000 0.000000 0.008389 0.006716 0.003338 0.328135 0.046772 0.060093 0.000882 0.037564 0.005910 0.000478 0.000000 0.221674 0.000710 0.021522 0.218736 0.001813 0.000000 0.037268 
570 0.012635 0.000960 0.000047 0.000000 0.000055 0.002668 0.000188 0.454999 0.041817 0.000211 0.000741 0.032642 0.001152 0.000303 0.000000 0.266098 0.000176 0.001832 0.196267 0.000000 0.000000 0.000803 
572 0.013358 0.001129 0.000002 0.000000 0.000655 0.001552 0.000548 0.531973 0.002448 0.000366 0.000485 0.021355 0.000732 0.000332 0.000000 0.350232 0.000196 0.001130 0.087322 0.000000 0.000000 0.000672 
573 0.013764 0.001396 0.000555 0.000000 0.001732 0.000662 0.000351 0.799857 0.007199 0.001046 0.001039 0.010920 0.000383 0.000339 0.000000 0.150113 0.000553 0.001353 0.023336 0.000000 0.000000 0.000563 
574 0.010245 0.000792 0.000516 0.000000 0.015822 0.009632 0.002388 0.296409 0.035469 0.078512 0.000421 0.053219 0.009485 0.000683 0.000000 0.196100 0.000000 0.032712 0.226915 0.002043 0.000000 0.039674 
575 0.012183 0.000911 0.000194 0.000000 0.002498 0.004533 0.000446 0.411114 0.078018 0.003990 0.000000 0.022119 0.000986 0.000131 0.000000 0.247656 0.000230 0.004767 0.216550 0.000000 0.000097 0.006670 
576 0.012006 0.000895 0.000261 0.000000 0.003135 0.003138 0.000417 0.391637 0.070523 0.010281 0.000793 0.025151 0.000392 0.000225 0.000000 0.251707 0.000248 0.004281 0.226765 0.000000 0.000000 0.011045 
577 0.013210 0.001084 0.000127 0.000000 0.000688 0.000982 0.000685 0.536930 0.007234 0.001440 0.000046 0.022386 0.000428 0.000261 0.000000 0.312193 0.000307 0.000730 0.114599 0.000000 0.000000 0.000962 
578 0.012732 0.000975 0.000008 0.000000 0.000097 0.001924 0.000292 0.473395 0.038716 0.000382 0.000692 0.023367 0.001077 0.000273 0.000000 0.273713 0.000284 0.000310 0.184374 0.000000 0.000000 0.001095 
581 0.010334 0.000795 0.001257 0.000000 0.004127 0.005425 0.000782 0.316187 0.055010 0.049577 0.000000 0.044015 0.006926 0.000892 0.000000 0.204244 0.000293 0.037899 0.223070 0.000665 0.000000 0.049631 
583 0.012103 0.000903 0.000128 0.000000 0.003586 0.003478 0.000309 0.396346 0.069269 0.006879 0.000538 0.021397 0.000662 0.000217 0.000000 0.260155 0.000262 0.002843 0.224243 0.000000 0.000000 0.009686 
584 0.011580 0.000860 0.000249 0.000000 0.003861 0.003220 0.000628 0.372404 0.068857 0.042656 0.000734 0.020861 0.000869 0.000239 0.000000 0.242564 0.000163 0.007474 0.217217 0.000000 0.000000 0.018004 
585 0.011027 0.000827 0.000936 0.000000 0.011308 0.004835 0.001090 0.322436 0.061622 0.036411 0.000261 0.039636 0.004919 0.000459 0.000000 0.239770 0.000000 0.020173 0.222823 0.000070 0.000000 0.033253 
586 0.011418 0.000849 0.000117 0.000000 0.005699 0.000802 0.000544 0.350397 0.076879 0.039867 0.000244 0.033102 0.005107 0.000074 0.000000 0.239404 0.000086 0.015992 0.211164 0.000000 0.000000 0.020520 
587 0.011588 0.000862 0.000378 0.000000 0.004601 0.003280 0.000816 0.368927 0.072316 0.033654 0.000729 0.020885 0.001003 0.000386 0.000000 0.246619 0.000182 0.007461 0.219025 0.000000 0.000000 0.019739 
591 0.010226 0.000790 0.001151 0.000000 0.003586 0.006509 0.001192 0.303381 0.056634 0.054199 0.000000 0.045058 0.007287 0.000892 0.000000 0.205708 0.000291 0.044502 0.220554 0.000789 0.000000 0.048268 
592 0.012661 0.000964 0.000165 0.000000 0.000330 0.002376 0.000220 0.450372 0.040065 0.000216 0.000516 0.038674 0.001087 0.000284 0.000000 0.270631 0.000170 0.001680 0.192520 0.000000 0.000000 0.000693 
593 0.013422 0.001151 0.000062 0.000000 0.000553 0.000940 0.000460 0.566592 0.002759 0.000719 0.000464 0.019914 0.000494 0.000307 0.000000 0.325619 0.000215 0.000490 0.079692 0.000000 0.000000 0.000722 
596 0.013465 0.001168 0.000128 0.000000 0.000563 0.001409 0.000715 0.540413 0.008333 0.000347 0.000219 0.026721 0.001125 0.000368 0.000000 0.354822 0.000201 0.000714 0.063323 0.000000 0.000000 0.000599 
599 0.012932 0.001015 0.000195 0.000000 0.000826 0.000716 0.000341 0.489993 0.023839 0.000238 0.001723 0.024944 0.000738 0.000300 0.000000 0.299259 0.000315 0.000352 0.156024 0.000000 0.000000 0.000196 
602 0.009709 0.000776 0.003030 0.000000 0.026000 0.015307 0.002941 0.243684 0.030964 0.073168 0.001523 0.067392 0.008361 0.000113 0.000000 0.206969 0.000000 0.037779 0.220685 0.000821 0.000000 0.061264 
604 0.012569 0.000952 0.000344 0.000000 0.001961 0.001999 0.000371 0.433273 0.047729 0.000418 0.000421 0.027269 0.000587 0.000392 0.000000 0.284918 0.000279 0.001237 0.196365 0.000000 0.000000 0.002438 
608 0.011479 0.000854 0.000465 0.000000 0.009064 0.000124 0.000805 0.360822 0.070650 0.038254 0.000112 0.020844 0.001364 0.000353 0.000000 0.254540 0.000000 0.009988 0.208683 0.000000 0.000105 0.023828 
609 0.012635 0.000960 0.000047 0.000000 0.000055 0.002668 0.000188 0.454999 0.041817 0.000211 0.000741 0.032642 0.001152 0.000303 0.000000 0.266098 0.000176 0.001832 0.196267 0.000000 0.000000 0.000803 
610 0.013411 0.001148 0.000166 0.000000 0.000710 0.001824 0.000611 0.547227 0.003460 0.000458 0.000611 0.022593 0.000456 0.000339 0.000000 0.342114 0.000186 0.000592 0.078101 0.000000 0.000000 0.000553 
612 0.013395 0.001142 0.000172 0.000000 0.000695 0.001727 0.000637 0.543521 0.004889 0.000546 0.000547 0.022160 0.000382 0.000336 0.000000 0.343050 0.000189 0.000629 0.079948 0.000000 0.000000 0.000573 
613 0.010313 0.000795 0.001472 0.000000 0.015839 0.006744 0.002622 0.266639 0.059967 0.061932 0.000231 0.065753 0.004558 0.001802 0.000000 0.212475 0.000425 0.031859 0.222996 0.000000 0.000000 0.044684 
614 0.010011 0.000784 0.002802 0.000000 0.021939 0.007190 0.002070 0.259359 0.048472 0.071708 0.001870 0.064057 0.009938 0.000166 0.000000 0.208670 0.000000 0.031986 0.216150 0.000636 0.000000 0.052988 
616 0.011418 0.000849 0.000117 0.000000 0.005699 0.000802 0.000544 0.350397 0.076879 0.039867 0.000244 0.033102 0.005107 0.000074 0.000000 0.239404 0.000086 0.015992 0.211164 0.000000 0.000000 0.020520 
618 0.010021 0.000784 0.001172 0.000000 0.004852 0.009344 0.001202 0.273494 0.054380 0.047982 0.000000 0.048030 0.006111 0.001051 0.000000 0.216299 0.000339 0.051072 0.231284 0.000783 0.000000 0.052605 
619 0.010921 0.000821 0.000240 0.000000 0.016264 0.001247 0.001662 0.319830 0.059917 0.049543 0.000235 0.018340 0.002899 0.001050 0.000000 0.254413 0.000000 0.020896 0.219554 0.000294 0.000000 0.033618 
624 0.010697 0.000812 0.000331 0.000000 0.005857 0.007869 0.002974 0.281845 0.053477 0.060366 0.000779 0.048916 0.004532 0.000000 0.000000 0.259286 0.000662 0.023975 0.210090 0.001276 0.000000 0.037765 
627 0.013303 0.001111 0.000165 0.000000 0.000706 0.001664 0.000370 0.527818 0.007881 0.000419 0.000558 0.020784 0.000400 0.000306 0.000000 0.341564 0.000157 0.000695 0.096006 0.000000 0.000000 0.000508 
628 0.013239 0.001093 0.000174 0.000000 0.000702 0.001058 0.000358 0.520903 0.015665 0.000106 0.001121 0.029450 0.000795 0.000296 0.000000 0.325106 0.000258 0.000714 0.103254 0.000000 0.000000 0.000041 
629 0.013751 0.001451 0.000630 0.000000 0.001335 0.000354 0.000635 0.852932 0.010860 0.001646 0.001154 0.014952 0.000414 0.000325 0.000000 0.085841 0.000479 0.001364 0.026032 0.000000 0.000000 0.001048 
630 0.013319 0.001116 0.000166 0.000000 0.000767 0.001629 0.000340 0.529057 0.008043 0.000431 0.000647 0.019434 0.000428 0.000341 0.000000 0.344938 0.000159 0.000691 0.092424 0.000000 0.000000 0.000504 
632 0.009143 0.000765 0.001008 0.000000 0.025786 0.010004 0.003302 0.210869 0.035596 0.122659 0.001177 0.070167 0.010790 0.000533 0.000000 0.183983 0.000000 0.027515 0.222340 0.002057 0.000000 0.072214 
633 0.012635 0.000960 0.000047 0.000000 0.000055 0.002668 0.000188 0.454999 0.041817 0.000211 0.000741 0.032642 0.001152 0.000303 0.000000 0.266098 0.000176 0.001832 0.196267 0.000000 0.000000 0.000803 
634 0.013524 0.001191 0.000099 0.000000 0.000853 0.001795 0.000480 0.519254 0.007080 0.000379 0.000127 0.027727 0.001201 0.000437 0.000000 0.389719 0.000230 0.000839 0.049348 0.000000 0.000000 0.000431 
635 0.013436 0.001157 0.000126 0.000000 0.000544 0.001609 0.000750 0.521836 0.007067 0.000258 0.000206 0.029777 0.001229 0.000353 0.000000 0.366891 0.000205 0.000711 0.067828 0.000000 0.000000 0.000610 
636 0.013847 0.001616 0.000491 0.000000 0.001567 0.001216 0.000672 0.959275 0.011424 0.001461 0.001355 0.005143 0.000931 0.000271 0.000000 0.001307 0.000618 0.003553 0.009639 0.000000 0.000000 0.001078 
639 0.012890 0.001005 0.000078 0.000000 0.000787 0.001608 0.000409 0.476061 0.024060 0.000100 0.001338 0.029171 0.000848 0.000239 0.000000 0.301027 0.000214 0.000765 0.163116 0.000000 0.000000 0.000180 
642 0.013452 0.001164 0.000127 0.000000 0.000605 0.001575 0.000720 0.523078 0.007229 0.000270 0.000295 0.028422 0.001257 0.000389 0.000000 0.370254 0.000208 0.000708 0.064258 0.000000 0.000000 0.000605 
644 0.012499 0.000943 0.000525 0.000000 0.002401 0.002094 0.000622 0.416241 0.052711 0.000391 0.000173 0.027396 0.000573 0.000463 0.000000 0.287291 0.000267 0.000832 0.205490 0.000000 0.000000 0.002530 
646 0.011588 0.000862 0.000378 0.000000 0.004601 0.003280 0.000816 0.368927 0.072316 0.033654 0.000729 0.020885 0.001003 0.000386 0.000000 0.246619 0.000182 0.007461 0.219025 0.000000 0.000000 0.019739 
647 0.013202 0.001082 0.000032 0.000000 0.000584 0.000682 0.000000 0.508682 0.021179 0.000070 0.001032 0.028822 0.000318 0.000286 0.000000 0.330413 0.000323 0.001208 0.106306 0.000000 0.000039 0.000024 
649 0.013640 0.001239 0.000268 0.000000 0.001043 0.000293 0.000206 0.596662 0.001886 0.000497 0.001209 0.032458 0.000779 0.000270 0.000000 0.325369 0.000205 0.000436 0.038368 0.000000 0.000000 0.000050 
651 0.012183 0.000911 0.000194 0.000000 0.002498 0.004533 0.000446 0.411114 0.078018 0.003990 0.000000 0.022119 0.000986 0.000131 0.000000 0.247656 0.000230 0.004767 0.216550 0.000000 0.000097 0.006670 
658 0.013129 0.001061 0.000173 0.000000 0.000698 0.000902 0.000117 0.501508 0.020029 0.000070 0.001063 0.027576 0.000736 0.000264 0.000000 0.324653 0.000227 0.000816 0.121099 0.000000 0.000069 0.000000 
659 0.013253 0.001095 0.000255 0.000000 0.000713 0.000816 0.000022 0.548376 0.008366 0.000278 0.000257 0.029094 0.001331 0.000243 0.000000 0.299230 0.000154 0.000818 0.109908 0.000000 0.000000 0.000139 
664 0.013378 0.001136 0.000078 0.000000 0.000592 0.001748 0.000427 0.536629 0.008318 0.000652 0.000582 0.017431 0.000322 0.000317 0.000000 0.350335 0.000161 0.000825 0.081110 0.000000 0.000000 0.000472 
666 0.013503 0.001185 0.000134 0.000000 0.000785 0.001773 0.000672 0.502237 0.004421 0.000368 0.000151 0.024726 0.001194 0.000405 0.000000 0.408408 0.000219 0.000842 0.053065 0.000000 0.000000 0.000600 
667 0.011418 0.000849 0.000117 0.000000 0.005699 0.000802 0.000544 0.350397 0.076879 0.039867 0.000244 0.033102 0.005107 0.000074 0.000000 0.239404 0.000086 0.015992 0.211164 0.000000 0.000000 0.020520 
668 0.013503 0.001185 0.000134 0.000000 0.000785 0.001773 0.000672 0.502237 0.004421 0.000368 0.000151 0.024726 0.001194 0.000405 0.000000 0.408408 0.000219 0.000842 0.053065 0.000000 0.000000 0.000600 
669 0.012779 0.000982 0.000053 0.000000 0.000175 0.001383 0.000160 0.454994 0.033573 0.000688 0.000252 0.028075 0.000680 0.000319 0.000000 0.301099 0.000255 0.001692 0.175956 0.000000 0.000000 0.000644 
670 0.012375 0.000930 0.000589 0.000000 0.000861 0.001976 0.000755 0.404474 0.060741 0.013584 0.000372 0.026294 0.000660 0.000294 0.000000 0.283554 0.000258 0.001000 0.202013 0.000000 0.000000 0.002576 
672 0.013665 0.001267 0.000542 0.000000 0.001048 0.000082 0.000396 0.597576 0.019645 0.001584 0.000783 0.013699 0.001068 0.000123 0.000000 0.345623 0.000450 0.001837 0.015272 0.000000 0.000000 0.000272 
674 0.012800 0.000989 0.000162 0.000000 0.000347 0.002098 0.000406 0.484651 0.033360 0.001475 0.000389 0.017887 0.000208 0.000301 0.000000 0.284633 0.000305 0.002637 0.170634 0.000000 0.000000 0.000505 
675 0.013581 0.001218 0.000125 0.000000 0.000825 0.001636 0.000563 0.489522 0.002459 0.000412 0.000108 0.023650 0.001104 0.000513 0.000000 0.439654 0.000216 0.000648 0.038028 0.000000 0.000000 0.000538 
676 0.012084 0.000900 0.000000 0.000000 0.002848 0.003415 0.000124 0.399567 0.065796 0.016165 0.000544 0.021365 0.000530 0.000071 0.000000 0.255917 0.000243 0.002892 0.222343 0.000000 0.000167 0.008016 
679 0.013411 0.001148 0.000166 0.000000 0.000710 0.001824 0.000611 0.547227 0.003460 0.000458 0.000611 0.022593 0.000456 0.000339 0.000000 0.342114 0.000186 0.000592 0.078101 0.000000 0.000000 0.000553 
680 0.012932 0.001015 0.000195 0.000000 0.000826 0.000716 0.000341 0.489993 0.023839 0.000238 0.001723 0.024944 0.000738 0.000300 0.000000 0.299259 0.000315 0.000352 0.156024 0.000000 0.000000 0.000196 
681 0.012880 0.001004 0.000043 0.000000 0.000852 0.001622 0.000214 0.491219 0.027435 0.000100 0.001365 0.032231 0.000840 0.000262 0.000000 0.278571 0.000224 0.000760 0.164190 0.000000 0.000073 0.000000 
687 0.013735 0.001308 0.000455 0.000000 0.000320 0.001044 0.000543 0.668736 0.018480 0.000595 0.000477 0.013886 0.001632 0.000222 0.000000 0.279232 0.000219 0.001593 0.012371 0.000000 0.000000 0.000194 
688 0.013358 0.001129 0.000153 0.000000 0.000921 0.001587 0.000713 0.510788 0.008583 0.000594 0.000081 0.026793 0.000521 0.000271 0.000000 0.365281 0.000224 0.000710 0.082116 0.000000 0.000000 0.000663 
689 0.012266 0.000918 0.000333 0.000000 0.001913 0.001943 0.000404 0.421054 0.062915 0.003845 0.000362 0.010127 0.001327 0.000000 0.000000 0.264090 0.000568 0.004182 0.221826 0.000000 0.000088 0.005024 
690 0.012800 0.000989 0.000162 0.000000 0.000347 0.002098 0.000406 0.484651 0.033360 0.001475 0.000389 0.017887 0.000208 0.000301 0.000000 0.284633 0.000305 0.002637 0.170634 0.000000 0.000000 0.000505 
692 0.008972 0.000763 0.001189 0.000000 0.027695 0.006956 0.003016 0.202153 0.025387 0.131156 0.001588 0.064840 0.014195 0.000634 0.000000 0.198021 0.000000 0.037749 0.207928 0.001050 0.000000 0.076444 
693 0.013636 0.001247 0.000195 0.000000 0.000512 0.002427 0.000500 0.539298 0.022057 0.000239 0.000823 0.021484 0.001111 0.000243 0.000000 0.391995 0.000288 0.000572 0.018071 0.000000 0.000000 0.000185 
704 0.011708 0.000872 0.000215 0.000000 0.014052 0.002669 0.000133 0.359600 0.079093 0.020576 0.000645 0.028034 0.000556 0.000210 0.000000 0.240097 0.000190 0.007806 0.233433 0.000000 0.000000 0.012692 
705 0.012652 0.000962 0.000048 0.000000 0.000194 0.001954 0.000264 0.444215 0.041599 0.000159 0.000668 0.027098 0.000979 0.000296 0.000000 0.286255 0.000254 0.001679 0.193566 0.000000 0.000000 0.000772 
706 0.011674 0.000868 0.000258 0.000000 0.000599 0.003318 0.000914 0.372618 0.071146 0.029134 0.000679 0.022993 0.000759 0.000333 0.000000 0.249924 0.000184 0.007620 0.221155 0.000000 0.000000 0.018366 
708 0.013070 0.001046 0.000176 0.000000 0.000727 0.000805 0.000020 0.485271 0.017633 0.000241 0.001214 0.025068 0.000798 0.000280 0.000000 0.334305 0.000325 0.000641 0.132255 0.000000 0.000000 0.000241 
711 0.010061 0.000786 0.000567 0.000000 0.021821 0.008851 0.003143 0.238369 0.041728 0.073592 0.000000 0.054896 0.010728 0.000621 0.000000 0.251827 0.000402 0.036611 0.207155 0.002584 0.000000 0.047103 
712 0.009512 0.000771 0.000927 0.000000 0.020063 0.006708 0.002724 0.249032 0.024744 0.097636 0.001365 0.048904 0.013024 0.000502 0.000000 0.221962 0.000000 0.037473 0.203938 0.000877 0.000000 0.070122 
713 0.013269 0.001100 0.000355 0.000000 0.000606 0.000889 0.000032 0.518699 0.010728 0.000579 0.000937 0.026296 0.000697 0.000219 0.000000 0.338144 0.000231 0.000488 0.101055 0.000000 0.000000 0.000045 
714 0.012084 0.000900 0.000000 0.000000 0.002848 0.003415 0.000124 0.399567 0.065796 0.016165 0.000544 0.021365 0.000530 0.000071 0.000000 0.255917 0.000243 0.002892 0.222343 0.000000 0.000167 0.008016 
715 0.012627 0.000959 0.000047 0.000000 0.000186 0.001751 0.000263 0.441330 0.045899 0.001048 0.000646 0.029139 0.001039 0.000297 0.000000 0.282425 0.000258 0.002000 0.192855 0.000000 0.000000 0.000818 
716 0.013465 0.001168 0.000128 0.000000 0.000563 0.001409 0.000715 0.540413 0.008333 0.000347 0.000219 0.026721 0.001125 0.000368 0.000000 0.354822 0.000201 0.000714 0.063323 0.000000 0.000000 0.000599 
718 0.013503 0.001185 0.000134 0.000000 0.000785 0.001773 0.000672 0.502237 0.004421 0.000368 0.000151 0.024726 0.001194 0.000405 0.000000 0.408408 0.000219 0.000842 0.053065 0.000000 0.000000 0.000600 
720 0.013709 0.001283 0.000200 0.000000 0.002845 0.002528 0.000245 0.505841 0.007499 0.000600 0.000958 0.026555 0.000666 0.000380 0.000000 0.445191 0.000204 0.000880 0.005181 0.000000 0.000000 0.000228 
721 0.012485 0.000941 0.000528 0.000000 0.002291 0.002151 0.000633 0.416749 0.049888 0.003879 0.000175 0.027641 0.000791 0.000258 0.000000 0.286070 0.000280 0.001241 0.205298 0.000000 0.000000 0.002127 
723 0.010533 0.000803 0.000848 0.000000 0.007746 0.004059 0.001689 0.301336 0.056170 0.061829 0.000273 0.051405 0.007323 0.000919 0.000000 0.202201 0.000000 0.036791 0.234445 0.000637 0.000000 0.032329 
725 0.011986 0.000893 0.000221 0.000000 0.004954 0.003349 0.000397 0.396306 0.069514 0.010742 0.000201 0.012975 0.001178 0.000178 0.000000 0.251808 0.000181 0.007128 0.231729 0.000000 0.000000 0.009139 
726 0.012266 0.000918 0.000333 0.000000 0.001913 0.001943 0.000404 0.421054 0.062915 0.003845 0.000362 0.010127 0.001327 0.000000 0.000000 0.264090 0.000568 0.004182 0.221826 0.000000 0.000088 0.005024 
727 0.009512 0.000771 0.000927 0.000000 0.020063 0.006708 0.002724 0.249032 0.024744 0.097636 0.001365 0.048904 0.013024 0.000502 0.000000 0.221962 0.000000 0.037473 0.203938 0.000877 0.000000 0.070122 
728 0.009370 0.000771 0.001875 0.000000 0.035422 0.016529 0.002346 0.233091 0.017318 0.098403 0.001510 0.055579 0.010588 0.000449 0.000000 0.192160 0.000000 0.029796 0.235678 0.000670 0.000000 0.068587 
730 0.013236 0.001092 0.000121 0.000000 0.000748 0.000272 0.000168 0.491553 0.018798 0.000176 0.001024 0.028360 0.000763 0.000268 0.000000 0.356928 0.000137 0.000941 0.099612 0.000000 0.000000 0.000131 
732 0.013706 0.001331 0.000881 0.000000 0.001639 0.000884 0.000652 0.708184 0.012941 0.001924 0.001311 0.007456 0.000462 0.000349 0.000000 0.246852 0.000436 0.002741 0.012211 0.000000 0.000000 0.001078 
733 0.013357 0.001126 0.000064 0.000000 0.000592 0.001304 0.000560 0.525337 0.005448 0.000426 0.000243 0.022628 0.000615 0.000356 0.000000 0.353202 0.000275 0.000596 0.087961 0.000000 0.000000 0.000392 
734 0.013669 0.001262 0.000148 0.000000 0.001931 0.001066 0.000422 0.590046 0.012980 0.000965 0.001000 0.023043 0.000343 0.000295 0.000000 0.346271 0.000345 0.000103 0.020167 0.000000 0.000000 0.000876 
741 0.009598 0.000772 0.001328 0.000000 0.022984 0.011523 0.002243 0.243308 0.044137 0.102650 0.001482 0.067720 0.006923 0.001191 0.000000 0.181552 0.000000 0.031803 0.221636 0.001008 0.000000 0.058512 
742 0.010379 0.000797 0.000606 0.000000 0.015298 0.007467 0.003319 0.278986 0.038483 0.069711 0.000000 0.048844 0.010039 0.000416 0.000000 0.240493 0.000444 0.034910 0.209493 0.001833 0.000000 0.039657 
743 0.011013 0.000825 0.000151 0.000000 0.013894 0.004129 0.000318 0.320873 0.060290 0.036376 0.000200 0.043771 0.004558 0.000384 0.000000 0.242637 0.000000 0.025109 0.214793 0.000742 0.000000 0.031776 
744 0.012943 0.001018 0.000653 0.000000 0.000225 0.000693 0.000553 0.494973 0.025403 0.000618 0.000313 0.020931 0.001129 0.000594 0.000000 0.300285 0.000255 0.000859 0.151992 0.000000 0.000000 0.000525 
747 0.008788 0.000765 0.001300 0.000000 0.025453 0.011728 0.003353 0.159843 0.033259 0.093324 0.001918 0.059104 0.017246 0.000680 0.000000 0.224265 0.000000 0.047350 0.236312 0.000948 0.000000 0.083918 
753 0.013146 0.001065 0.000308 0.000000 0.001987 0.000897 0.000482 0.484880 0.012069 0.000461 0.000581 0.026828 0.000220 0.000283 0.000000 0.349720 0.000184 0.000052 0.120319 0.000000 0.000000 0.000729 
755 0.012544 0.000948 0.000054 0.000000 0.000962 0.001881 0.000584 0.438063 0.041252 0.000341 0.000175 0.030509 0.001559 0.000255 0.000000 0.271622 0.000484 0.001898 0.208395 0.000000 0.000000 0.001967 
756 0.012266 0.000918 0.000333 0.000000 0.001913 0.001943 0.000404 0.421054 0.062915 0.003845 0.000362 0.010127 0.001327 0.000000 0.000000 0.264090 0.000568 0.004182 0.221826 0.000000 0.000088 0.005024 
757 0.009838 0.000777 0.002365 0.000000 0.020804 0.010597 0.001449 0.241004 0.037491 0.086237 0.001399 0.072177 0.009459 0.000425 0.000000 0.212620 0.000000 0.039091 0.211625 0.001105 0.000000 0.052152 
759 0.012375 0.000930 0.000589 0.000000 0.000861 0.001976 0.000755 0.404474 0.060741 0.013584 0.000372 0.026294 0.000660 0.000294 0.000000 0.283554 0.000258 0.001000 0.202013 0.000000 0.000000 0.002576 
762 0.011921 0.000887 0.000195 0.000000 0.005921 0.002616 0.000297 0.393449 0.051044 0.034493 0.000904 0.028053 0.000879 0.000000 0.000000 0.243236 0.000407 0.003949 0.226664 0.000000 0.000120 0.007773 
764 0.012246 0.000917 0.000620 0.000000 0.001798 0.001143 0.000204 0.430204 0.070540 0.002403 0.000351 0.002422 0.001094 0.000000 0.000000 0.248082 0.000638 0.003235 0.233591 0.000000 0.000073 0.003599 
765 0.012019 0.000896 0.000218 0.000000 0.003600 0.003429 0.000220 0.390586 0.069711 0.011647 0.000802 0.025502 0.000534 0.000234 0.000000 0.253946 0.000262 0.004819 0.224505 0.000000 0.000000 0.009985 
768 0.013593 0.001219 0.000180 0.000000 0.000718 0.001299 0.000744 0.575871 0.009459 0.000339 0.000907 0.022624 0.000399 0.000322 0.000000 0.345177 0.000162 0.000641 0.040963 0.000000 0.000000 0.000196 
770 0.012733 0.000975 0.000302 0.000000 0.000764 0.001527 0.000224 0.459726 0.031958 0.000072 0.001356 0.027006 0.000039 0.000201 0.000000 0.287055 0.000162 0.000638 0.188637 0.000000 0.000000 0.000334 
771 0.012561 0.000951 0.000336 0.000000 0.001160 0.002175 0.000679 0.438144 0.043653 0.000291 0.000206 0.023356 0.001816 0.000261 0.000000 0.280903 0.000395 0.001807 0.203071 0.000000 0.000000 0.001746 
775 0.011919 0.000888 0.000478 0.000000 0.004965 0.001588 0.000034 0.378784 0.072660 0.012258 0.000131 0.027941 0.000583 0.000350 0.000000 0.257332 0.000201 0.006818 0.222651 0.000000 0.000000 0.013227 
777 0.008972 0.000763 0.001189 0.000000 0.027695 0.006956 0.003016 0.202153 0.025387 0.131156 0.001588 0.064840 0.014195 0.000634 0.000000 0.198021 0.000000 0.037749 0.207928 0.001050 0.000000 0.076444 
779 0.011986 0.000893 0.000221 0.000000 0.004954 0.003349 0.000397 0.396306 0.069514 0.010742 0.000201 0.012975 0.001178 0.000178 0.000000 0.251808 0.000181 0.007128 0.231729 0.000000 0.000000 0.009139 
780 0.013735 0.001383 0.000751 0.000000 0.001620 0.000833 0.000684 0.765672 0.012796 0.002328 0.001495 0.013815 0.000491 0.000372 0.000000 0.183902 0.000713 0.002461 0.010956 0.000000 0.000000 0.001113 
781 0.010801 0.000813 0.000539 0.000000 0.017735 0.004750 0.000471 0.325463 0.053890 0.073585 0.000233 0.017370 0.007888 0.000213 0.000000 0.225035 0.000000 0.013185 0.228202 0.000446 0.000000 0.030995 
784 0.012635 0.000960 0.000047 0.000000 0.000055 0.002668 0.000188 0.454999 0.041817 0.000211 0.000741 0.032642 0.001152 0.000303 0.000000 0.266098 0.000176 0.001832 0.196267 0.000000 0.000000 0.000803 
786 0.013138 0.001064 0.000167 0.000000 0.000820 0.001581 0.000288 0.512322 0.022047 0.000076 0.000835 0.026722 0.000859 0.000304 0.000000 0.314054 0.000294 0.000602 0.118911 0.000000 0.000000 0.000120 
790 0.012682 0.000968 0.000194 0.000000 0.001358 0.001557 0.000019 0.475565 0.040879 0.000176 0.001344 0.027511 0.000022 0.000243 0.000000 0.255814 0.000147 0.000778 0.194107 0.000000 0.000000 0.000286 
791 0.010308 0.000795 0.001594 0.000000 0.013251 0.008349 0.001522 0.285589 0.056092 0.054100 0.000000 0.041245 0.001949 0.001591 0.000000 0.222126 0.000685 0.040635 0.228170 0.000637 0.000000 0.042465 
792 0.009151 0.000765 0.000983 0.000000 0.016836 0.006654 0.002561 0.229489 0.022064 0.125740 0.001013 0.066543 0.015851 0.000464 0.000000 0.185514 0.000000 0.038772 0.214277 0.001135 0.000000 0.072102 
794 0.012682 0.000968 0.000194 0.000000 0.001358 0.001557 0.000019 0.475565 0.040879 0.000176 0.001344 0.027511 0.000022 0.000243 0.000000 0.255814 0.000147 0.000778 0.194107 0.000000 0.000000 0.000286 
