400
184
304
77
468
761
346
47
44
458
491
776
451
734
28
157
710
249
257
57
272
572
33
780
356
236
178
449
476
701
720
450
133
700
684
312
98
608
743
525
404
239
788
419
558
164
307
157
321
380
236
688
352
558
354
190
311
203
484
451
260
787
641
290
113
262
456
41
730
127
677
95
408
695
124
571
456
649
435
124
368
335
790
535
368
355
150
31
696
137
172
150
712
674
313
316
711
373
172
504
151
569
261
177
752
472
455
336
314
141
299
335
304
771
5
285
136
608
648
125
339
635
426
255
19
581
761
141
96
776
308
118
29
144
388
555
96
422
321
70
462
28
395
136
77
170
473
663
779
150
741
239
125
354
358
23
264
635
688
462
710
183
558
449
214
434
752
212
373
100
731
290
98
509
178
509
304
459
138
758
249
780
521
324
352
127
223
190
267
504
771
273
53
484
449
740
282
779
695
761
419
720
468
283
473
416
458
91
159
432
425
688
765
91
148
144
419
125
759
149
454
462
720
581
710
553
112
15
456
225
356
247
521
211
648
581
553
114
120
734
339
572
290
188
458
672
114
532
758
334
138
182
290
484
423
605
47
455
138
616
177
316
483
281
77
53
600
549
271
264
423
600
233
246
188
758
537
779
681
125
606
613
515
723
137
122
222
299
426
705
728
151
230
566
648
608
780
523
759
671
396
178
771
487
527
132
124
233
641
627
19
537
28
41
255
20
149
29
434
712
58
336
356
70
521
515
12
554
711
419
705
188
580
128
604
735
64
28
311
19
645
29
380
255
311
98
483
271
700
728
120
641
245
432
555
225
315
144
352
247
98
282
315
60
313
261
430
380
137
681
750
280
144
184
98
334
532
136
771
792
157
313
695
239
282
591
85
239
435
726
230
307
724
84
201
64
544
252
15
430
311
END