400
302
92
649
544
539
391
341
39
599
472
460
435
350
264
226
212
172
746
729
720
672
555
536
506
499
400
236
217
192
184
61
728
705
651
618
602
592
471
467
404
393
354
329
285
266
257
198
105
102
85
790
787
774
736
735
722
716
701
695
676
616
613
601
600
580
572
487
465
458
451
436
415
395
392
377
338
308
287
282
263
215
213
203
182
101
53
50
47
788
779
775
766
765
759
748
742
734
730
699
696
684
675
671
664
663
662
660
654
648
641
637
635
627
582
559
558
548
547
535
527
491
473
447
425
418
373
369
363
358
352
342
335
328
321
310
307
304
283
271
245
230
214
188
149
123
112
76
58
43
41
20
19
15
798
797
792
791
782
777
758
750
743
741
740
731
725
724
723
714
711
703
700
674
665
645
644
638
624
591
590
583
581
571
537
528
525
520
504
481
468
461
459
457
456
455
453
452
449
445
443
434
430
423
419
416
396
394
379
372
368
362
357
345
336
334
324
316
314
303
294
291
289
276
275
267
260
252
249
241
239
202
201
194
183
161
150
142
140
139
138
136
132
125
122
104
100
98
96
57
44
37
36
31
28
26
23
16
7
789
786
780
776
771
761
760
753
752
727
726
718
712
710
688
686
681
677
670
632
630
629
608
606
605
604
603
588
569
566
564
554
553
549
543
532
523
521
517
516
515
512
509
508
488
485
484
483
476
464
463
462
454
450
442
432
426
422
408
402
390
388
383
382
380
376
356
355
347
346
343
340
339
322
315
313
312
311
306
305
299
298
296
290
281
280
273
272
262
261
255
250
247
246
234
233
225
223
222
211
210
204
190
187
178
177
171
170
164
163
160
159
157
151
148
144
141
137
133
128
127
124
120
118
114
113
95
91
84
80
77
70
67
64
63
62
60
33
29
12
8
5
END